#Layer_Color=16711935
#
#Feature symbol names
#
$0 r3.937

#
#Feature attribute names
#

#
#Layer features
#
A -0.1377535 1.6306961 -0.1391575 1.6312844 -0.1391575 1.6293149 0 P 0 N
A -0.1377649 1.6307075 -0.1391575 1.6312844 -0.1391575 1.6293149 0 P 0 N
A -0.4492165 1.6312844 -0.4506091 1.6307075 -0.4492165 1.6293149 0 P 0 N
A -0.4492165 1.6312844 -0.4506205 1.6306961 -0.4492165 1.6293149 0 P 0 N
A -0.9990197 1.5313199 -1.0004123 1.530743 -0.9990197 1.5293504 0 P 0 N
A -0.9990197 1.5313199 -1.0004237 1.5307316 -0.9990197 1.5293504 0 P 0 N
A -1.0603812 1.470774 -1.0609695 1.46937 -1.059 1.46937 0 P 0 N
A -1.0603926 1.4707626 -1.0609695 1.46937 -1.059 1.46937 0 P 0 N
A -1.0609695 -1.6122599 -1.0413386 -1.6318908 -1.0413386 -1.6122599 0 P 0 N
A 0.6706535 1.6312844 0.6692495 1.6306961 0.6706535 1.6293149 0 P 0 N
A 0.6706535 1.6312844 0.6692609 1.6307075 0.6706535 1.6293149 0 P 0 N
A 0.8605729 1.6307075 0.8591803 1.6312844 0.8591803 1.6293149 0 P 0 N
A 0.8605843 1.6306961 0.8591803 1.6312844 0.8591803 1.6293149 0 P 0 N
A 1.0102915 1.5314755 1.0102855 1.5314755 1.0102915 1.529506 0 P 0 N
A 1.0102915 1.5314755 1.0102855 1.5314755 1.0102915 1.529506 0 P 0 N
A 1.0433248 -1.6318907 1.0433459 -1.6318907 1.0433248 -1.6141733 0 P 0 N
A 1.0433248 -1.6318908 1.0433459 -1.6318907 1.0433248 -1.6299213 0 P 0 N
A 1.0433459 -1.6318907 1.0610422 -1.6141944 1.0433248 -1.6141733 0 P 0 N
A 1.0610422 -1.6141944 1.0610422 -1.6141733 1.0433248 -1.6141733 0 P 0 N
A 1.0610422 -1.6141944 1.0610423 -1.6141733 1.0590728 -1.6141733 0 P 0 N
A 1.0610423 1.4807247 1.0102915 1.5314755 1.0102915 1.4807247 0 P 0 N
L -0.0365859 1.5295285 0.5680819 1.5295285 0 P 0
L -0.1377535 1.6306961 -0.0365859 1.5295285 0 P 0
L -0.1377649 1.6307075 -0.1377535 1.6306961 0 P 0
L -0.4492165 1.6312844 -0.1391575 1.6312844 0 P 0
L -0.4506205 1.6306961 -0.4506091 1.6307075 0 P 0
L -0.5499968 1.5313199 -0.4506205 1.6306961 0 P 0
L -0.9990197 1.5313199 -0.5499968 1.5313199 0 P 0
L -1.0004237 1.5307316 -1.0004123 1.530743 0 P 0
L -1.0413386 -1.6318908 1.0433248 -1.6318908 0 P 0
L -1.0603812 1.470774 -1.0004237 1.5307316 0 P 0
L -1.0603926 1.4707626 -1.0603812 1.470774 0 P 0
L -1.0609695 -1.6122599 -1.0609695 1.46937 0 P 0
L 0.5680819 1.5295285 0.6692495 1.6306961 0 P 0
L 0.6692495 1.6306961 0.6692609 1.6307075 0 P 0
L 0.6706535 1.6312844 0.8591803 1.6312844 0 P 0
L 0.8605729 1.6307075 0.8605843 1.6306961 0 P 0
L 0.8605843 1.6306961 0.9599581 1.5313224 0 P 0
L 0.9599581 1.5313224 1.0102855 1.5314755 0 P 0
L 1.0610423 -1.6141733 1.0610423 1.4807247 0 P 0
