#Layer_Color=32768
#
#Feature symbol names
#
$0 r3.937
$1 r10.0787
$2 r1.9685
$3 r10
$4 r7.874

#
#Feature attribute names
#

#
#Layer features
#
A -1.059 -1.6122599 -1.0413386 -1.6299213 -1.0413386 -1.6122599 1 P 0 N
A 0.2746061 -0.8336616 0.2746061 -0.8336616 0.2706691 -0.8336616 0 P 0 N
A 1.0433248 -1.6299213 1.0590728 -1.6141733 1.0433248 -1.6141733 1 P 0 N
A 1.0590728 1.4807247 1.0102915 1.529506 1.0102915 1.4807247 1 P 0 N
L -0.0059056 0.027559 0.0177165 0.027559 0 P 0
L -0.0334646 0.0078739 -0.0334646 0.0866141 0 P 0
L -0.0334646 0.007874 -0.0334646 0.047244 0 P 0
L -0.0334646 0.007874 0.0452756 0.007874 0 P 0
L -0.0334646 0.047244 0.0452756 0.047244 0 P 0
L -0.0374016 0.9153543 -0.0374016 1.7066929 3 P 0
L -0.0374016 0.9153543 0.5688976 0.9153543 3 P 0
L -0.0374016 1.527559 0.5688976 1.527559 1 P 0
L -0.0374016 1.7066929 0.5688976 1.7066929 3 P 0
L -0.03937 0.7283465 -0.03937 0.7519685 0 P 0
L -0.0452755 0.6259842 -0.0452755 0.6653543 0 P 0
L -0.0511811 0.7401575 -0.027559 0.7401575 0 P 0
L -0.0531496 0.0354329 -0.0531496 0.059055 0 P 0
L -0.0570866 1.3779527 -0.0570866 1.4566929 0 P 0
L -0.0630686 -1.0930039 -0.0630686 -1.0536339 0 P 0
L -0.063471 -1.0474927 -0.063471 -1.0081227 0 P 0
L -0.0649606 0.0472439 -0.0413386 0.0472439 0 P 0
L -0.0649606 0.6456692 -0.0255905 0.6456692 0 P 0
L -0.0728346 0.0078739 -0.0334646 0.0078739 0 P 0
L -0.0728346 0.0078739 -0.0728346 0.0866141 0 P 0
L -0.0728346 0.0866141 -0.0334646 0.0866141 0 P 0
L -0.0748032 0.6889764 -0.0748032 0.7677166 0 P 0
L -0.0767716 1.4055118 -0.0767716 1.4291339 0 P 0
L -0.0787401 -1.5714567 0.6732284 -1.5714567 2 P 0
L -0.0787401 -1.6318898 -0.0787401 -1.5714567 2 P 0
L -0.0787402 0.7204725 -0.0787402 0.7598425 0 P 0
L -0.0787402 0.7204725 0 0.7204725 0 P 0
L -0.0787402 0.7598425 0 0.7598425 0 P 0
L -0.0885826 1.4173229 -0.0649606 1.4173229 0 P 0
L -0.0944881 0.5964566 -0.0944881 0.6948818 2 P 0
L -0.0944881 0.5964566 0.0039371 0.5964566 2 P 0
L -0.0944881 0.6948818 0.0039371 0.6948818 2 P 0
L -0.0944882 0.7165355 -0.0944882 0.7401576 0 P 0
L -0.0964566 1.3779527 -0.0570866 1.3779527 0 P 0
L -0.0964566 1.3779527 -0.0964566 1.4566929 0 P 0
L -0.0964566 1.4566929 -0.0570866 1.4566929 0 P 0
L -0.1024388 -1.0851299 -0.1024388 -1.0615079 0 P 0
L -0.1028412 -1.0396187 -0.1028412 -1.0159967 0 P 0
L -0.1062992 0.7283466 -0.0826772 0.7283466 0 P 0
L -0.1141732 0.6889764 -0.0748032 0.6889764 0 P 0
L -0.1141732 0.6889764 -0.1141732 0.7677166 0 P 0
L -0.1141732 0.7677166 -0.0748032 0.7677166 0 P 0
L -0.1141733 0.6889764 -0.1141733 0.7677166 0 P 0
L -0.1142498 -1.0733189 -0.0906277 -1.0733189 0 P 0
L -0.1146522 -1.0278077 -0.0910301 -1.0278077 0 P 0
L -0.1240157 -1.093504 -0.1240157 -1.0826772 2 P 0
L -0.1240157 -1.093504 0.011811 -1.093504 2 P 0
L -0.1338583 0.7165355 -0.1338583 0.7401576 0 P 0
L -0.1377952 -0.9763779 -0.1377952 -0.9370079 0 P 0
L -0.1377953 -1.015748 -0.1377953 -0.9370078 0 P 0
L -0.1377953 -1.015748 -0.1377953 -0.976378 0 P 0
L -0.1377953 -1.0905512 -0.1377953 -1.011811 0 P 0
L -0.1391575 1.6293149 -0.0374016 1.527559 1 P 0
L -0.1418088 -1.0536339 -0.0630686 -1.0536339 0 P 0
L -0.1418088 -1.0930039 -0.0630686 -1.0930039 0 P 0
L -0.1418088 -1.0930039 -0.1418088 -1.0536339 0 P 0
L -0.1422112 -1.0081227 -0.063471 -1.0081227 0 P 0
L -0.1422112 -1.0474927 -0.063471 -1.0474927 0 P 0
L -0.1422112 -1.0474927 -0.1422112 -1.0081227 0 P 0
L -0.1456693 0.7283466 -0.1220473 0.7283466 0 P 0
L -0.1535433 0.6889764 -0.1141733 0.6889764 0 P 0
L -0.1535433 0.6889764 -0.1535433 0.7677166 0 P 0
L -0.1535433 0.7677166 -0.1141733 0.7677166 0 P 0
L -0.1535433 1.1889764 -0.1535433 1.2283464 0 P 0
L -0.1535433 1.2244095 -0.1535433 1.2637795 0 P 0
L -0.1574803 -0.9881889 -0.1574803 -0.9645668 0 P 0
L -0.1574803 -1.0629921 -0.1574803 -1.03937 0 P 0
L -0.1692913 -0.9763778 -0.1456693 -0.9763778 0 P 0
L -0.1692913 -1.051181 -0.1456693 -1.051181 0 P 0
L -0.1771652 -0.9685039 -0.1771652 -0.9448819 0 P 0
L -0.1771653 -0.9370078 -0.1377953 -0.9370078 0 P 0
L -0.1771653 -1.007874 -0.1771653 -0.984252 0 P 0
L -0.1771653 -1.011811 -0.1377953 -1.011811 0 P 0
L -0.1771653 -1.015748 -0.1377953 -1.015748 0 P 0
L -0.1771653 -1.015748 -0.1771653 -0.9370078 0 P 0
L -0.1771653 -1.0905512 -0.1377953 -1.0905512 0 P 0
L -0.1771653 -1.0905512 -0.1771653 -1.011811 0 P 0
L -0.1889763 -0.9566929 -0.1653542 -0.9566929 0 P 0
L -0.1889764 -0.996063 -0.1653543 -0.996063 0 P 0
L -0.1929135 1.1968504 -0.1929135 1.2204724 0 P 0
L -0.1929135 1.2322835 -0.1929135 1.2559055 0 P 0
L -0.2047245 1.2086614 -0.1811024 1.2086614 0 P 0
L -0.2047245 1.2440945 -0.1811024 1.2440945 0 P 0
L -0.2066929 -1.0826772 -0.1240157 -1.0826772 2 P 0
L -0.2066929 -1.093504 -0.2066929 -1.0826772 2 P 0
L -0.2165354 -0.9370079 -0.1377952 -0.9370079 0 P 0
L -0.2165354 -0.9763779 -0.1377952 -0.9763779 0 P 0
L -0.2165354 -0.9763779 -0.2165354 -0.9370079 0 P 0
L -0.2165355 -0.976378 -0.1377953 -0.976378 0 P 0
L -0.2165355 -1.015748 -0.1377953 -1.015748 0 P 0
L -0.2165355 -1.015748 -0.2165355 -0.976378 0 P 0
L -0.2231773 -0.5216795 -0.2231773 -0.4429393 0 P 0
L -0.2322835 1.1889764 -0.1535433 1.1889764 0 P 0
L -0.2322835 1.1889764 -0.2322835 1.2283464 0 P 0
L -0.2322835 1.2244095 -0.1535433 1.2244095 0 P 0
L -0.2322835 1.2244095 -0.2322835 1.2637795 0 P 0
L -0.2322835 1.2283464 -0.1535433 1.2283464 0 P 0
L -0.2322835 1.2637795 -0.1535433 1.2637795 0 P 0
L -0.2401575 1.2677165 -0.2401575 1.3464567 0 P 0
L -0.2428623 -0.4941204 -0.2428623 -0.4704983 0 P 0
L -0.2519685 -1.6318898 -0.0787401 -1.6318898 2 P 0
L -0.2519685 -1.6318898 -0.2519685 -1.5714567 2 P 0
L -0.2546733 -0.4823093 -0.2310513 -0.4823093 0 P 0
L -0.2598425 1.2952755 -0.2598425 1.3188976 0 P 0
L -0.2625473 -0.4429393 -0.2231773 -0.4429393 0 P 0
L -0.2625473 -0.5216795 -0.2231773 -0.5216795 0 P 0
L -0.2625473 -0.5216795 -0.2625473 -0.4429393 0 P 0
L -0.2716535 1.3070865 -0.2480315 1.3070865 0 P 0
L -0.2716535 1.3464567 -0.2716535 1.7362205 4 P 0
L -0.2795275 1.2677165 -0.2401575 1.2677165 0 P 0
L -0.2795275 1.2677165 -0.2795275 1.3464567 0 P 0
L -0.2795275 1.3464567 -0.2401575 1.3464567 0 P 0
L -0.2896145 -0.5482324 -0.2896145 -0.5088624 0 P 0
L -0.2896145 -0.5797284 -0.2896145 -0.5403584 0 P 0
L -0.3031496 0.3897638 -0.3031496 0.468504 0 P 0
L -0.3228346 0.4173229 -0.3228346 0.440945 0 P 0
L -0.3289847 -0.5403584 -0.3289847 -0.5167364 0 P 0
L -0.3289847 -0.5718544 -0.3289847 -0.5482324 0 P 0
L -0.3346456 0.429134 -0.3110236 0.429134 0 P 0
L -0.3407957 -0.5285474 -0.3171736 -0.5285474 0 P 0
L -0.3407957 -0.5600434 -0.3171736 -0.5600434 0 P 0
L -0.3425196 0.3897638 -0.3031496 0.3897638 0 P 0
L -0.3425196 0.3897638 -0.3425196 0.468504 0 P 0
L -0.3425196 0.468504 -0.3031496 0.468504 0 P 0
L -0.3484253 0.3897637 -0.3484253 0.4685039 0 P 0
L -0.3681103 0.4173228 -0.3681103 0.4409449 0 P 0
L -0.3683547 -0.5088624 -0.2896145 -0.5088624 0 P 0
L -0.3683547 -0.5403584 -0.2896145 -0.5403584 0 P 0
L -0.3683547 -0.5482324 -0.2896145 -0.5482324 0 P 0
L -0.3683547 -0.5482324 -0.3683547 -0.5088624 0 P 0
L -0.3683547 -0.5797284 -0.2896145 -0.5797284 0 P 0
L -0.3683547 -0.5797284 -0.3683547 -0.5403584 0 P 0
L -0.3799213 0.4291339 -0.3562993 0.4291339 0 P 0
L -0.3800962 1.1558263 -0.3800962 1.1912593 2 P 0
L -0.3816418 -0.5974449 -0.3816418 -0.3946889 2 P 0
L -0.3877953 0.3897637 -0.3484253 0.3897637 0 P 0
L -0.3877953 0.3897637 -0.3877953 0.4685039 0 P 0
L -0.3877953 0.3897637 -0.3877953 0.4685039 0 P 0
L -0.3877953 0.4685039 -0.3484253 0.4685039 0 P 0
L -0.3956693 -1.093504 -0.2066929 -1.093504 2 P 0
L -0.3956693 -1.5714567 -0.2519685 -1.5714567 2 P 0
L -0.3956693 -1.5714567 -0.3956693 -1.093504 2 P 0
L -0.4042796 -0.2480354 -0.4042796 -0.2086654 0 P 0
L -0.4074803 0.4173228 -0.4074803 0.4409449 0 P 0
L -0.4124822 1.0750157 -0.4124822 1.1537559 0 P 0
L -0.4153543 -0.0905512 -0.4153543 -0.0511812 0 P 0
L -0.4165136 1.1538578 -0.4165136 1.1932278 0 P 0
L -0.4192913 0.4291339 -0.3956693 0.4291339 0 P 0
L -0.4271653 0.3897637 -0.3877953 0.3897637 0 P 0
L -0.4271653 0.3897637 -0.4271653 0.4685039 0 P 0
L -0.4271653 0.4685039 -0.3877953 0.4685039 0 P 0
L -0.4321672 1.1025748 -0.4321672 1.1261969 0 P 0
L -0.4361986 1.1735428 -0.3968285 1.1735428 0 P 0
L -0.4436496 -0.2401614 -0.4436496 -0.2165394 0 P 0
L -0.4439782 1.1143859 -0.4203562 1.1143859 0 P 0
L -0.448819 -1.0708664 -0.448819 -0.9921262 0 P 0
L -0.4492165 1.6293149 -0.1391575 1.6293149 1 P 0
L -0.450868 1.1557244 -0.450868 1.1911574 2 P 0
L -0.4518522 1.0750157 -0.4124822 1.0750157 0 P 0
L -0.4518522 1.0750157 -0.4518522 1.1537559 0 P 0
L -0.4518522 1.1537559 -0.4124822 1.1537559 0 P 0
L -0.4518523 1.0750157 -0.4518523 1.1537559 0 P 0
L -0.4529309 1.1558263 -0.3800962 1.1558263 2 P 0
L -0.4529309 1.1558263 -0.4529309 1.1912593 2 P 0
L -0.4529309 1.1912593 -0.3800962 1.1912593 2 P 0
L -0.4547243 -0.0826772 -0.4547243 -0.0590552 0 P 0
L -0.4554607 -0.2283504 -0.4318386 -0.2283504 0 P 0
L -0.4665354 -0.0708662 -0.4429133 -0.0708662 0 P 0
L -0.468504 -1.0433073 -0.468504 -1.0196852 0 P 0
L -0.4715373 1.1025748 -0.4715373 1.1261969 0 P 0
L -0.480315 -1.0314962 -0.456693 -1.0314962 0 P 0
L -0.4830198 -0.2086654 -0.4042796 -0.2086654 0 P 0
L -0.4830198 -0.2480354 -0.4042796 -0.2480354 0 P 0
L -0.4830198 -0.2480354 -0.4830198 -0.2086654 0 P 0
L -0.4830198 -0.5157519 -0.4830198 -0.4763819 0 P 0
L -0.4833483 1.1143859 -0.4597263 1.1143859 0 P 0
L -0.4872853 1.1537559 -0.4872853 1.1931259 0 P 0
L -0.488189 -0.9921262 -0.448819 -0.9921262 0 P 0
L -0.488189 -1.0708664 -0.448819 -1.0708664 0 P 0
L -0.488189 -1.0708664 -0.488189 -0.9921262 0 P 0
L -0.4912223 1.0750157 -0.4518523 1.0750157 0 P 0
L -0.4912223 1.0750157 -0.4912223 1.1537559 0 P 0
L -0.4912223 1.1537559 -0.4518523 1.1537559 0 P 0
L -0.4940945 -0.0511812 -0.4153543 -0.0511812 0 P 0
L -0.4940945 -0.0905512 -0.4153543 -0.0905512 0 P 0
L -0.4940945 -0.0905512 -0.4940945 -0.0511812 0 P 0
L -0.5027048 -0.4960669 -0.4633348 -0.4960669 0 P 0
L -0.5069704 1.1734409 -0.4676003 1.1734409 0 P 0
L -0.514024 -0.3907521 -0.514024 -0.3120119 0 P 0
L -0.5237027 1.1557244 -0.450868 1.1557244 2 P 0
L -0.5237027 1.1557244 -0.5237027 1.1911574 2 P 0
L -0.5237027 1.1911574 -0.450868 1.1911574 2 P 0
L -0.5275591 1.5787402 -0.5275591 1.6181102 4 P 0
L -0.533709 -0.3631931 -0.533709 -0.339571 0 P 0
L -0.5413387 -0.0314962 -0.5413387 0.047244 0 P 0
L -0.54552 -0.3513821 -0.521898 -0.3513821 0 P 0
L -0.5455201 -0.3907521 -0.5455201 -0.3120119 0 P 0
L -0.5472441 1.5984252 -0.5078741 1.5984252 4 P 0
L -0.5491811 1.5293504 -0.4492165 1.6293149 1 P 0
L -0.5528681 0.1024438 -0.5528681 0.181184 0 P 0
L -0.553394 -0.3120119 -0.514024 -0.3120119 0 P 0
L -0.553394 -0.3907521 -0.514024 -0.3907521 0 P 0
L -0.553394 -0.3907521 -0.553394 -0.3120119 0 P 0
L -0.5590551 1.2992126 -0.5590551 1.3385826 0 P 0
L -0.5610237 -0.0039371 -0.5610237 0.019685 0 P 0
L -0.5652051 -0.363193 -0.5652051 -0.3395709 0 P 0
L -0.5725531 0.1300028 -0.5725531 0.1536249 0 P 0
L -0.5728347 0.007874 -0.5492127 0.007874 0 P 0
L -0.5770161 -0.3513819 -0.5533941 -0.3513819 0 P 0
L -0.5807087 -0.0314962 -0.5413387 -0.0314962 0 P 0
L -0.5807087 -0.0314962 -0.5807087 0.047244 0 P 0
L -0.5807087 0.047244 -0.5413387 0.047244 0 P 0
L -0.5843641 0.1418138 -0.5607421 0.1418138 0 P 0
L -0.5843978 -0.3946889 -0.3816418 -0.3946889 2 P 0
L -0.5843978 -0.5974449 -0.3816418 -0.5974449 2 P 0
L -0.5843978 -0.5974449 -0.5843978 -0.3946889 2 P 0
L -0.5848901 -0.3120119 -0.5455201 -0.3120119 0 P 0
L -0.5848901 -0.3907521 -0.5455201 -0.3907521 0 P 0
L -0.5848901 -0.3907521 -0.5848901 -0.3120119 0 P 0
L -0.5922381 0.1024438 -0.5528681 0.1024438 0 P 0
L -0.5922381 0.1024438 -0.5922381 0.181184 0 P 0
L -0.5922381 0.181184 -0.5528681 0.181184 0 P 0
L -0.5964567 0.7716535 -0.5964567 0.8110235 0 P 0
L -0.5964567 0.8110236 -0.5964567 0.8503936 0 P 0
L -0.5984251 1.3070866 -0.5984251 1.3307086 0 P 0
L -0.6043307 1.0472442 -0.6043307 1.0866142 0 P 0
L -0.6043307 1.0826773 -0.6043307 1.1220473 0 P 0
L -0.605067 -0.5196889 -0.605067 -0.4803189 0 P 0
L -0.605067 -0.559059 -0.605067 -0.519689 0 P 0
L -0.605067 -0.5984291 -0.605067 -0.5590591 0 P 0
L -0.605067 -0.6377991 -0.605067 -0.5984291 0 P 0
L -0.605067 -0.6771692 -0.605067 -0.6377992 0 P 0
L -0.6102362 1.3188976 -0.5866141 1.3188976 0 P 0
L -0.6358267 0.7795275 -0.6358267 0.8031495 0 P 0
L -0.6358267 0.8188976 -0.6358267 0.8425196 0 P 0
L -0.6377953 1.2992126 -0.5590551 1.2992126 0 P 0
L -0.6377953 1.2992126 -0.6377953 1.3385826 0 P 0
L -0.6377953 1.3385826 -0.5590551 1.3385826 0 P 0
L -0.6437007 1.0551182 -0.6437007 1.0787402 0 P 0
L -0.6437007 1.0905513 -0.6437007 1.1141733 0 P 0
L -0.644437 -0.5118149 -0.644437 -0.4881929 0 P 0
L -0.644437 -0.6692952 -0.644437 -0.6456732 0 P 0
L -0.6444372 -0.551185 -0.6444372 -0.527563 0 P 0
L -0.6444372 -0.5905551 -0.6444372 -0.5669331 0 P 0
L -0.6444372 -0.6299251 -0.6444372 -0.6063031 0 P 0
L -0.6476378 0.7913385 -0.6240157 0.7913385 0 P 0
L -0.6476378 0.8307086 -0.6240157 0.8307086 0 P 0
L -0.6555118 1.0669292 -0.6318897 1.0669292 0 P 0
L -0.6555118 1.1023623 -0.6318897 1.1023623 0 P 0
L -0.6562481 -0.5000039 -0.632626 -0.5000039 0 P 0
L -0.6562481 -0.6574842 -0.632626 -0.6574842 0 P 0
L -0.6562482 -0.539374 -0.6326261 -0.539374 0 P 0
L -0.6562482 -0.5787441 -0.6326261 -0.5787441 0 P 0
L -0.6562482 -0.6181141 -0.6326261 -0.6181141 0 P 0
L -0.6751969 0.7716535 -0.5964567 0.7716535 0 P 0
L -0.6751969 0.7716535 -0.6751969 0.8110235 0 P 0
L -0.6751969 0.8110235 -0.5964567 0.8110235 0 P 0
L -0.6751969 0.8110236 -0.5964567 0.8110236 0 P 0
L -0.6751969 0.8110236 -0.6751969 0.8503936 0 P 0
L -0.6751969 0.8503936 -0.5964567 0.8503936 0 P 0
L -0.6830709 1.0472442 -0.6043307 1.0472442 0 P 0
L -0.6830709 1.0472442 -0.6830709 1.0866142 0 P 0
L -0.6830709 1.0826773 -0.6043307 1.0826773 0 P 0
L -0.6830709 1.0826773 -0.6830709 1.1220473 0 P 0
L -0.6830709 1.0866142 -0.6043307 1.0866142 0 P 0
L -0.6830709 1.1220473 -0.6043307 1.1220473 0 P 0
L -0.6838072 -0.4803189 -0.605067 -0.4803189 0 P 0
L -0.6838072 -0.5196889 -0.605067 -0.5196889 0 P 0
L -0.6838072 -0.5196889 -0.6838072 -0.4803189 0 P 0
L -0.6838072 -0.519689 -0.605067 -0.519689 0 P 0
L -0.6838072 -0.559059 -0.605067 -0.559059 0 P 0
L -0.6838072 -0.559059 -0.6838072 -0.519689 0 P 0
L -0.6838072 -0.5590591 -0.605067 -0.5590591 0 P 0
L -0.6838072 -0.5984291 -0.605067 -0.5984291 0 P 0
L -0.6838072 -0.5984291 -0.605067 -0.5984291 0 P 0
L -0.6838072 -0.5984291 -0.6838072 -0.5590591 0 P 0
L -0.6838072 -0.6377991 -0.605067 -0.6377991 0 P 0
L -0.6838072 -0.6377991 -0.6838072 -0.5984291 0 P 0
L -0.6838072 -0.6377992 -0.605067 -0.6377992 0 P 0
L -0.6838072 -0.6771692 -0.605067 -0.6771692 0 P 0
L -0.6838072 -0.6771692 -0.6838072 -0.6377992 0 P 0
L -0.700788 0.7588581 -0.700788 0.8631889 2 P 0
L -0.7312998 0.8710629 -0.7312998 0.9104329 0 P 0
L -0.734252 0.972441 -0.734252 1.011811 0 P 0
L -0.7549219 0.7913385 -0.7549219 0.8307086 0 P 0
L -0.7557763 1.1614323 -0.7557763 1.2008023 0 P 0
L -0.7578741 -0.0472443 -0.7578741 0.0314959 0 P 0
L -0.7657481 -0.7480316 -0.7657481 -0.6692914 0 P 0
L -0.77067 0.8789369 -0.77067 0.9025589 0 P 0
L -0.773622 0.980315 -0.773622 1.003937 0 P 0
L -0.774607 0.8110235 -0.7352369 0.8110235 0 P 0
L -0.7775591 -0.0196852 -0.7775591 0.0039369 0 P 0
L -0.7822835 -1.1525591 -0.7822835 -1.0364174 2 P 0
L -0.782481 0.8907479 -0.7588589 0.8907479 0 P 0
L -0.7834647 1.3464567 -0.2716536 1.3464567 4 P 0
L -0.7834647 1.3464567 -0.7834647 1.7362205 4 P 0
L -0.7834647 1.7362205 -0.2716536 1.7362205 4 P 0
L -0.7854331 -0.5629922 -0.7854331 -0.484252 0 P 0
L -0.7854331 -0.7204726 -0.7854331 -0.6968505 0 P 0
L -0.7854331 0.992126 -0.761811 0.992126 0 P 0
L -0.7862205 -1.5698819 -0.7862205 -1.4616142 2 P 0
L -0.7893701 -0.0078741 -0.7657481 -0.0078741 0 P 0
L -0.7951465 1.1693063 -0.7951465 1.1929283 0 P 0
L -0.7972441 -0.0472443 -0.7578741 -0.0472443 0 P 0
L -0.7972441 -0.0472443 -0.7972441 0.0314959 0 P 0
L -0.7972441 -0.0472443 -0.7972441 0.0314959 0 P 0
L -0.7972441 -0.7086616 -0.7736221 -0.7086616 0 P 0
L -0.7972441 0.0314959 -0.7578741 0.0314959 0 P 0
L -0.8051181 -0.5354332 -0.8051181 -0.5118111 0 P 0
L -0.8051181 -0.6692914 -0.7657481 -0.6692914 0 P 0
L -0.8051181 -0.7480316 -0.7657481 -0.7480316 0 P 0
L -0.8051181 -0.7480316 -0.8051181 -0.6692914 0 P 0
L -0.8051182 -0.8307087 -0.8051182 -0.7519685 0 P 0
L -0.8069575 0.9724559 -0.8069575 1.0118259 0 P 0
L -0.8069575 1.1811173 -0.7833354 1.1811173 0 P 0
L -0.8070867 -0.7450788 -0.8070867 -0.6722441 2 P 0
L -0.807874 -1.1525591 -0.7822835 -1.1525591 2 P 0
L -0.807874 -1.4616142 -0.7862205 -1.4616142 2 P 0
L -0.807874 -1.4616142 -0.807874 -1.1525591 2 P 0
L -0.807874 -1.5698819 -0.7862205 -1.5698819 2 P 0
L -0.807874 -1.6299213 -0.807874 -1.5698819 2 P 0
L -0.8090558 0.7588581 -0.700788 0.7588581 2 P 0
L -0.8090558 0.7588581 -0.8090558 0.8631889 2 P 0
L -0.8090558 0.8631889 -0.700788 0.8631889 2 P 0
L -0.81004 0.8710629 -0.7312998 0.8710629 0 P 0
L -0.81004 0.8710629 -0.81004 0.9104329 0 P 0
L -0.81004 0.9104329 -0.7312998 0.9104329 0 P 0
L -0.8129922 0.972441 -0.734252 0.972441 0 P 0
L -0.8129922 0.972441 -0.8129922 1.011811 0 P 0
L -0.8129922 1.011811 -0.734252 1.011811 0 P 0
L -0.8139771 0.7805117 -0.8139771 0.8592519 0 P 0
L -0.8169291 -0.0196852 -0.8169291 0.0039369 0 P 0
L -0.8169291 -0.5236222 -0.7933071 -0.5236222 0 P 0
L -0.8248031 -0.484252 -0.7854331 -0.484252 0 P 0
L -0.8248031 -0.5629922 -0.7854331 -0.5629922 0 P 0
L -0.8248031 -0.5629922 -0.8248031 -0.484252 0 P 0
L -0.8248032 -0.7283465 -0.8248032 -0.6889764 0 P 0
L -0.8248032 -0.8031497 -0.8248032 -0.7795276 0 P 0
L -0.8267717 -0.5600394 -0.8267717 -0.4872047 2 P 0
L -0.8287401 -0.0078741 -0.8051181 -0.0078741 0 P 0
L -0.8336621 0.8080707 -0.8336621 0.8316928 0 P 0
L -0.8345165 1.1614323 -0.7557763 1.1614323 0 P 0
L -0.8345165 1.1614323 -0.8345165 1.2008023 0 P 0
L -0.8345165 1.2008023 -0.7557763 1.2008023 0 P 0
L -0.8366141 -0.0472443 -0.7972441 -0.0472443 0 P 0
L -0.8366141 -0.0472443 -0.8366141 0.0314959 0 P 0
L -0.8366141 0.0314959 -0.7972441 0.0314959 0 P 0
L -0.8366142 -0.7913387 -0.8129922 -0.7913387 0 P 0
L -0.8366143 -0.0472443 -0.8366143 0.0314959 0 P 0
L -0.8425197 -0.6722441 -0.8070867 -0.6722441 2 P 0
L -0.8425197 -0.7450788 -0.8070867 -0.7450788 2 P 0
L -0.8425197 -0.7450788 -0.8425197 -0.6722441 2 P 0
L -0.8444882 -0.5433071 -0.8444882 -0.503937 0 P 0
L -0.8444882 -0.7086615 -0.8051182 -0.7086615 0 P 0
L -0.8444882 -0.7519685 -0.8051182 -0.7519685 0 P 0
L -0.8444882 -0.8307087 -0.8051182 -0.8307087 0 P 0
L -0.8444882 -0.8307087 -0.8444882 -0.7519685 0 P 0
L -0.8454731 0.8198817 -0.8218511 0.8198817 0 P 0
L -0.8463277 0.9803299 -0.8463277 1.0039519 0 P 0
L -0.8533471 0.7805117 -0.8139771 0.7805117 0 P 0
L -0.8533471 0.7805117 -0.8533471 0.8592519 0 P 0
L -0.8533471 0.8592519 -0.8139771 0.8592519 0 P 0
L -0.8562993 -0.0196852 -0.8562993 0.0039369 0 P 0
L -0.8581387 0.9921409 -0.8345166 0.9921409 0 P 0
L -0.8622047 -0.4872047 -0.8267717 -0.4872047 2 P 0
L -0.8622047 -0.5600394 -0.8267717 -0.5600394 2 P 0
L -0.8622047 -0.5600394 -0.8622047 -0.4872047 2 P 0
L -0.8641732 -0.5236221 -0.8248032 -0.5236221 0 P 0
L -0.8681103 -0.0078741 -0.8444883 -0.0078741 0 P 0
L -0.8759843 -0.0472443 -0.8366143 -0.0472443 0 P 0
L -0.8759843 -0.0472443 -0.8759843 0.0314959 0 P 0
L -0.8759843 0.0314959 -0.8366143 0.0314959 0 P 0
L -0.8856977 0.9724559 -0.8069575 0.9724559 0 P 0
L -0.8856977 0.9724559 -0.8856977 1.0118259 0 P 0
L -0.8856977 1.0118259 -0.8069575 1.0118259 0 P 0
L -0.9108268 -1.0364174 -0.7822835 -1.0364174 2 P 0
L -0.9108268 -1.0688977 -0.9108268 -1.0364174 2 P 0
L -0.9153543 -1.3503937 -0.9153543 -1.3110237 0 P 0
L -0.9153544 -1.4291339 -0.9153544 -1.3503937 0 P 0
L -0.9153544 -1.5078741 -0.9153544 -1.4291339 0 P 0
L -0.9350394 -1.4015748 -0.9350394 -1.3779527 0 P 0
L -0.9350394 -1.480315 -0.9350394 -1.4566929 0 P 0
L -0.9468504 -1.3897637 -0.9232284 -1.3897637 0 P 0
L -0.9468504 -1.4685039 -0.9232284 -1.4685039 0 P 0
L -0.9547243 -1.3425197 -0.9547243 -1.3188977 0 P 0
L -0.9547244 -1.3503937 -0.9153544 -1.3503937 0 P 0
L -0.9547244 -1.4291339 -0.9153544 -1.4291339 0 P 0
L -0.9547244 -1.4291339 -0.9153544 -1.4291339 0 P 0
L -0.9547244 -1.4291339 -0.9547244 -1.3503937 0 P 0
L -0.9547244 -1.5078741 -0.9153544 -1.5078741 0 P 0
L -0.9547244 -1.5078741 -0.9547244 -1.4291339 0 P 0
L -0.9665354 -1.3307087 -0.9429133 -1.3307087 0 P 0
L -0.9940945 -1.3110237 -0.9153543 -1.3110237 0 P 0
L -0.9940945 -1.3503937 -0.9153543 -1.3503937 0 P 0
L -0.9940945 -1.3503937 -0.9940945 -1.3110237 0 P 0
L -0.9990197 1.5293504 -0.5491811 1.5293504 1 P 0
L -1.0334646 -1.0688977 -0.9108268 -1.0688977 2 P 0
L -1.0334646 -1.3838583 -1.0334646 -1.0688977 2 P 0
L -1.0334646 -1.6299213 -0.807874 -1.6299213 2 P 0
L -1.0334646 -1.6299213 -1.0334646 -1.4744095 2 P 0
L -1.0413386 -1.6299213 1.0433248 -1.6299213 1 P 0
L -1.0456693 -1.3838583 -1.0334646 -1.3838583 2 P 0
L -1.0456693 -1.4744095 -1.0334646 -1.4744095 2 P 0
L -1.0456693 -1.4744095 -1.0456693 -1.3838583 2 P 0
L -1.059 -1.6122599 -1.059 1.46937 1 P 0
L -1.059 1.46937 -0.9990197 1.5293504 1 P 0
L 0 0.7204725 0 0.7598425 0 P 0
L 0.0019685 -0.4763781 0.0807087 -0.4763781 0 P 0
L 0.0019685 -0.5157481 0.0019685 -0.4763781 0 P 0
L 0.0019685 -0.5157481 0.0807087 -0.5157481 0 P 0
L 0.0019685 -0.6338584 0.0807087 -0.6338584 0 P 0
L 0.0019685 -0.6732284 0.0019685 -0.6338584 0 P 0
L 0.0019685 -0.6732284 0.0807087 -0.6732284 0 P 0
L 0.0019685 -0.6732285 0.0807087 -0.6732285 0 P 0
L 0.0019685 -0.7125985 0.0019685 -0.6732285 0 P 0
L 0.0019685 -0.7125985 0.0807087 -0.7125985 0 P 0
L 0.0039371 0.5964566 0.0039371 0.6948818 2 P 0
L 0.0059054 0.015748 0.0059054 0.03937 0 P 0
L 0.011811 -1.0374016 0.1850394 -1.0374016 2 P 0
L 0.011811 -1.093504 0.011811 -1.0374016 2 P 0
L 0.0118111 0.6062991 0.0118111 0.6850393 0 P 0
L 0.0118111 0.6062991 0.0511811 0.6062991 0 P 0
L 0.0118111 0.6850393 0.0511811 0.6850393 0 P 0
L 0.0196851 0.6456693 0.0433071 0.6456693 0 P 0
L 0.0255905 -0.5157482 0.1043307 -0.5157482 0 P 0
L 0.0255905 -0.5551182 0.0255905 -0.5157482 0 P 0
L 0.0255905 -0.5551182 0.1043307 -0.5551182 0 P 0
L 0.0255905 -0.5551183 0.1043307 -0.5551183 0 P 0
L 0.0255905 -0.5944883 0.0255905 -0.5551183 0 P 0
L 0.0255905 -0.5944883 0.1043307 -0.5944883 0 P 0
L 0.0255905 -0.5944884 0.1043307 -0.5944884 0 P 0
L 0.0255905 -0.6338584 0.0255905 -0.5944884 0 P 0
L 0.0255905 -0.6338584 0.1043307 -0.6338584 0 P 0
L 0.0295275 -0.4960631 0.0531496 -0.4960631 0 P 0
L 0.0295275 -0.6535434 0.0531496 -0.6535434 0 P 0
L 0.0295275 -0.6929135 0.0531496 -0.6929135 0 P 0
L 0.0314961 0.6338582 0.0314961 0.6574803 0 P 0
L 0.0413385 -0.5078741 0.0413385 -0.4842521 0 P 0
L 0.0413385 -0.6653544 0.0413385 -0.6417324 0 P 0
L 0.0413385 -0.7047245 0.0413385 -0.6811025 0 P 0
L 0.0452756 0.0078739 0.0452756 0.0866141 0 P 0
L 0.0452756 0.0078739 0.0846456 0.0078739 0 P 0
L 0.0452756 0.007874 0.0452756 0.047244 0 P 0
L 0.0452756 0.0866141 0.0846456 0.0866141 0 P 0
L 0.0511811 0.6062991 0.0511811 0.6850393 0 P 0
L 0.0531495 -0.5354332 0.0767716 -0.5354332 0 P 0
L 0.0531495 -0.5748033 0.0767716 -0.5748033 0 P 0
L 0.0531495 -0.6141734 0.0767716 -0.6141734 0 P 0
L 0.0531496 0.0472439 0.0767716 0.0472439 0 P 0
L 0.0649605 -0.5472442 0.0649605 -0.5236222 0 P 0
L 0.0649605 -0.5866143 0.0649605 -0.5629923 0 P 0
L 0.0649605 -0.6259844 0.0649605 -0.6023624 0 P 0
L 0.0649606 0.0354329 0.0649606 0.059055 0 P 0
L 0.0649606 0.8149606 0.0649606 0.8543306 0 P 0
L 0.0649606 0.8149606 0.1437008 0.8149606 0 P 0
L 0.0649606 0.8543306 0.1437008 0.8543306 0 P 0
L 0.0807087 -0.5157481 0.0807087 -0.4763781 0 P 0
L 0.0807087 -0.6732284 0.0807087 -0.6338584 0 P 0
L 0.0807087 -0.7125985 0.0807087 -0.6732285 0 P 0
L 0.0846456 0.0078739 0.0846456 0.0866141 0 P 0
L 0.0846456 0.007874 0.0846456 0.047244 0 P 0
L 0.0846456 0.007874 0.1633858 0.007874 0 P 0
L 0.0846456 0.047244 0.1633858 0.047244 0 P 0
L 0.0925197 0.8346456 0.1161418 0.8346456 0 P 0
L 0.0994096 -0.6661607 0.1781498 -0.6661607 0 P 0
L 0.0994096 -0.6976568 0.1781498 -0.6976568 0 P 0
L 0.0994096 -0.7055307 0.0994096 -0.6661607 0 P 0
L 0.0994096 -0.7055307 0.1781498 -0.7055307 0 P 0
L 0.0994096 -0.7370268 0.0994096 -0.6976568 0 P 0
L 0.0994096 -0.7370268 0.1781498 -0.7370268 0 P 0
L 0.1019425 -0.7695452 0.1297813 -0.7417064 0 P 0
L 0.1019425 -0.7695452 0.1576203 -0.825223 0 P 0
L 0.1043307 -0.5551182 0.1043307 -0.5157482 0 P 0
L 0.1043307 -0.5944883 0.1043307 -0.5551183 0 P 0
L 0.1043307 -0.6338584 0.1043307 -0.5944884 0 P 0
L 0.1043307 0.8543307 0.1043307 0.8937007 0 P 0
L 0.1043307 0.8543307 0.1830709 0.8543307 0 P 0
L 0.1043307 0.8937007 0.1830709 0.8937007 0 P 0
L 0.1043308 0.8228346 0.1043308 0.8464566 0 P 0
L 0.1122046 0.027559 0.1358267 0.027559 0 P 0
L 0.1122047 0.2362204 0.1122047 0.3149606 0 P 0
L 0.1122047 0.2362204 0.1515747 0.2362204 0 P 0
L 0.1122047 0.3149605 0.1122047 0.3937007 0 P 0
L 0.1122047 0.3149605 0.1515747 0.3149605 0 P 0
L 0.1122047 0.3149606 0.1515747 0.3149606 0 P 0
L 0.1122047 0.3937007 0.1515747 0.3937007 0 P 0
L 0.1200787 0.2755904 0.1437007 0.2755904 0 P 0
L 0.1200787 0.3543307 0.1437007 0.3543307 0 P 0
L 0.1240156 0.015748 0.1240156 0.03937 0 P 0
L 0.1240157 0.086614 0.1240157 0.125984 0 P 0
L 0.1240157 0.086614 0.2027559 0.086614 0 P 0
L 0.1240157 0.125984 0.2027559 0.125984 0 P 0
L 0.1240157 0.1259842 0.1240157 0.1653542 0 P 0
L 0.1240157 0.1259842 0.2027559 0.1259842 0 P 0
L 0.1240157 0.1653542 0.2027559 0.1653542 0 P 0
L 0.1240157 0.1653543 0.1240157 0.2047243 0 P 0
L 0.1240157 0.1653543 0.2027559 0.1653543 0 P 0
L 0.1240157 0.2047243 0.2027559 0.2047243 0 P 0
L 0.1269686 -0.6858457 0.1505907 -0.6858457 0 P 0
L 0.1269687 -0.7173418 0.1505908 -0.7173418 0 P 0
L 0.1297813 -0.7417064 0.1854591 -0.7973842 0 P 0
L 0.1318897 0.2637794 0.1318897 0.2874015 0 P 0
L 0.1318897 0.3425196 0.1318897 0.3661417 0 P 0
L 0.1318898 0.8740157 0.1555119 0.8740157 0 P 0
L 0.1328739 -0.4498032 0.3356299 -0.4498032 2 P 0
L 0.1328739 -0.6525592 0.1328739 -0.4498032 2 P 0
L 0.1328739 -0.6525592 0.3356299 -0.6525592 2 P 0
L 0.1353492 -0.7751131 0.1520525 -0.7918164 0 P 0
L 0.1353492 -0.7918164 0.1520525 -0.7751131 0 P 0
L 0.1387796 -0.6976567 0.1387796 -0.6740347 0 P 0
L 0.1387798 -0.7291528 0.1387798 -0.7055308 0 P 0
L 0.1437007 -0.3740159 0.2224409 -0.3740159 0 P 0
L 0.1437007 -0.405512 0.2224409 -0.405512 0 P 0
L 0.1437007 -0.4133859 0.1437007 -0.3740159 0 P 0
L 0.1437007 -0.4133859 0.2224409 -0.4133859 0 P 0
L 0.1437007 -0.444882 0.1437007 -0.405512 0 P 0
L 0.1437007 -0.444882 0.2224409 -0.444882 0 P 0
L 0.1437008 0.8149606 0.1437008 0.8543306 0 P 0
L 0.1437008 0.8149606 0.1437008 0.8543306 0 P 0
L 0.1437008 0.8149606 0.222441 0.8149606 0 P 0
L 0.1437008 0.8543306 0.222441 0.8543306 0 P 0
L 0.1437009 0.8622047 0.1437009 0.8858267 0 P 0
L 0.1515747 0.1456692 0.1751968 0.1456692 0 P 0
L 0.1515747 0.1850393 0.1751968 0.1850393 0 P 0
L 0.1515747 0.2362204 0.1515747 0.3149606 0 P 0
L 0.1515747 0.3149605 0.1515747 0.3937007 0 P 0
L 0.1515748 0.106299 0.1751969 0.106299 0 P 0
L 0.1576203 -0.825223 0.1854591 -0.7973842 0 P 0
L 0.1633857 0.1338582 0.1633857 0.1574802 0 P 0
L 0.1633857 0.1732283 0.1633857 0.1968503 0 P 0
L 0.1633858 0.007874 0.1633858 0.047244 0 P 0
L 0.1633859 0.017807 0.1633859 0.0965472 0 P 0
L 0.1633859 0.017807 0.2027559 0.017807 0 P 0
L 0.1633859 0.094488 0.1633859 0.11811 0 P 0
L 0.1633859 0.0965472 0.2027559 0.0965472 0 P 0
L 0.1712597 -0.3937009 0.1948818 -0.3937009 0 P 0
L 0.1712598 -0.425197 0.1948819 -0.425197 0 P 0
L 0.1712598 0.8346456 0.1948819 0.8346456 0 P 0
L 0.1712599 0.057177 0.1948819 0.057177 0 P 0
L 0.1781498 -0.7055307 0.1781498 -0.6661607 0 P 0
L 0.1781498 -0.7370268 0.1781498 -0.6976568 0 P 0
L 0.1830707 -0.4055119 0.1830707 -0.3818899 0 P 0
L 0.1830708 0.8228346 0.1830708 0.8464566 0 P 0
L 0.1830709 -0.437008 0.1830709 -0.413386 0 P 0
L 0.1830709 0.045366 0.1830709 0.0689881 0 P 0
L 0.1830709 0.8543307 0.1830709 0.8937007 0 P 0
L 0.1850394 -1.0978347 0.1850394 -1.0374016 2 P 0
L 0.1850394 -1.0978347 0.6732284 -1.0978347 2 P 0
L 0.2007872 -0.7637797 0.2854328 -0.7637797 2 P 0
L 0.2007872 -0.8484253 0.2007872 -0.7637797 2 P 0
L 0.2007872 -0.8484253 0.2854328 -0.8484253 2 P 0
L 0.2027559 0.0078739 0.2027559 0.0866141 0 P 0
L 0.2027559 0.0078739 0.2421259 0.0078739 0 P 0
L 0.2027559 0.017807 0.2027559 0.0965472 0 P 0
L 0.2027559 0.086614 0.2027559 0.125984 0 P 0
L 0.2027559 0.0866141 0.2421259 0.0866141 0 P 0
L 0.2027559 0.1259842 0.2027559 0.1653542 0 P 0
L 0.2027559 0.1653543 0.2027559 0.2047243 0 P 0
L 0.2106299 0.0472441 0.2342519 0.0472441 0 P 0
L 0.2145669 -0.5511812 0.2539369 -0.5511812 0 P 0
L 0.2224409 -0.4133859 0.2224409 -0.3740159 0 P 0
L 0.2224409 -0.444882 0.2224409 -0.405512 0 P 0
L 0.2224409 0.035433 0.2224409 0.0590551 0 P 0
L 0.222441 0.8149606 0.222441 0.8543306 0 P 0
L 0.223425 -0.8061025 0.262795 -0.8061025 0 P 0
L 0.2342519 -0.5708662 0.2342519 -0.5314962 0 P 0
L 0.2421259 0.0078739 0.2421259 0.0866141 0 P 0
L 0.24311 -0.8257875 0.24311 -0.7864175 0 P 0
L 0.2539369 -0.4015749 0.3326771 -0.4015749 0 P 0
L 0.2539369 -0.4409449 0.2539369 -0.4015749 0 P 0
L 0.2539369 -0.4409449 0.3326771 -0.4409449 0 P 0
L 0.255748 1.2224409 0.275748 1.2224409 0 P 0
L 0.262795 -0.6486222 0.3415352 -0.6486222 0 P 0
L 0.262795 -0.6879922 0.262795 -0.6486222 0 P 0
L 0.262795 -0.6879922 0.3415352 -0.6879922 0 P 0
L 0.265748 1.2124409 0.265748 1.2324409 0 P 0
L 0.2814959 -0.4212599 0.305118 -0.4212599 0 P 0
L 0.2854328 -0.8484253 0.2854328 -0.7637797 2 P 0
L 0.285433 -0.7716537 0.324803 -0.7716537 0 P 0
L 0.285433 -0.8503939 0.285433 -0.7716537 0 P 0
L 0.285433 -0.8503939 0.324803 -0.8503939 0 P 0
L 0.2854331 -0.2480315 0.3248031 -0.2480315 0 P 0
L 0.2854331 -0.3267717 0.2854331 -0.2480315 0 P 0
L 0.2854331 -0.3267717 0.3248031 -0.3267717 0 P 0
L 0.2903541 -0.6683072 0.3139762 -0.6683072 0 P 0
L 0.2933069 -0.4330709 0.2933069 -0.4094489 0 P 0
L 0.293307 -0.8110239 0.316929 -0.8110239 0 P 0
L 0.2933071 -0.2874015 0.3169291 -0.2874015 0 P 0
L 0.3021652 -0.6801182 0.3021652 -0.6564962 0 P 0
L 0.305118 -0.8228349 0.305118 -0.7992128 0 P 0
L 0.3051181 -0.2992126 0.3051181 -0.2755905 0 P 0
L 0.3208661 -0.4015749 0.3996063 -0.4015749 0 P 0
L 0.3208661 -0.4409449 0.3208661 -0.4015749 0 P 0
L 0.3208661 -0.4409449 0.3996063 -0.4409449 0 P 0
L 0.324803 -0.8503939 0.324803 -0.7716537 0 P 0
L 0.3248031 -0.3267717 0.3248031 -0.2480315 0 P 0
L 0.3307086 -0.6496065 0.4094488 -0.6496065 0 P 0
L 0.3307086 -0.6811025 0.4094488 -0.6811025 0 P 0
L 0.3307086 -0.6889765 0.3307086 -0.6496065 0 P 0
L 0.3307086 -0.6889765 0.4094488 -0.6889765 0 P 0
L 0.3307086 -0.7204725 0.3307086 -0.6811025 0 P 0
L 0.3307086 -0.7204725 0.4094488 -0.7204725 0 P 0
L 0.3326771 -0.4409449 0.3326771 -0.4015749 0 P 0
L 0.3356299 -0.6525592 0.3356299 -0.4498032 2 P 0
L 0.3415352 -0.6879922 0.3415352 -0.6486222 0 P 0
L 0.3484251 -0.4212599 0.3720472 -0.4212599 0 P 0
L 0.3484251 -0.6141734 0.4271653 -0.6141734 0 P 0
L 0.3484251 -0.6535434 0.3484251 -0.6141734 0 P 0
L 0.3484251 -0.6535434 0.4271653 -0.6535434 0 P 0
L 0.3582676 -0.7007875 0.3818897 -0.7007875 0 P 0
L 0.3582677 -0.6692915 0.3818898 -0.6692915 0 P 0
L 0.3602361 -0.4330709 0.3602361 -0.4094489 0 P 0
L 0.3700786 -0.7125985 0.3700786 -0.6889765 0 P 0
L 0.3700788 -0.6811025 0.3700788 -0.6574805 0 P 0
L 0.3759842 -0.6338584 0.3996063 -0.6338584 0 P 0
L 0.3877953 -0.6456694 0.3877953 -0.6220474 0 P 0
L 0.3996063 -0.4409449 0.3996063 -0.4015749 0 P 0
L 0.4094488 -0.6889765 0.4094488 -0.6496065 0 P 0
L 0.4094488 -0.7204725 0.4094488 -0.6811025 0 P 0
L 0.4271653 -0.6535434 0.4271653 -0.6141734 0 P 0
L 0.4980316 0.5275589 0.4980316 0.6062991 0 P 0
L 0.4980316 0.5275589 0.5374016 0.5275589 0 P 0
L 0.4980316 0.6062991 0.5374016 0.6062991 0 P 0
L 0.4980316 0.6338581 0.4980316 0.7125983 0 P 0
L 0.4980316 0.6338581 0.5374016 0.6338581 0 P 0
L 0.4980316 0.7125983 0.5374016 0.7125983 0 P 0
L 0.5059056 0.5669291 0.5295276 0.5669291 0 P 0
L 0.5059056 0.6732283 0.5295276 0.6732283 0 P 0
L 0.511811 0.003937 0.511811 0.1279527 0 P 0
L 0.511811 0.003937 0.6653543 0.003937 0 P 0
L 0.511811 0.1279527 0.6653543 0.1279527 0 P 0
L 0.5177166 0.555118 0.5177166 0.5787401 0 P 0
L 0.5177166 0.6614172 0.5177166 0.6850393 0 P 0
L 0.5334646 0.4960629 0.5334646 0.5354329 0 P 0
L 0.5334646 0.4960629 0.6122048 0.4960629 0 P 0
L 0.5334646 0.5354329 0.6122048 0.5354329 0 P 0
L 0.5374016 0.5275589 0.5374016 0.6062991 0 P 0
L 0.5374016 0.6338581 0.5374016 0.7125983 0 P 0
L 0.5374017 0.535433 0.5374017 0.6771652 2 P 0
L 0.5374017 0.535433 0.6791339 0.535433 2 P 0
L 0.5374017 0.6771652 0.6791339 0.6771652 2 P 0
L 0.547402 -0.3364563 0.6261422 -0.3364563 0 P 0
L 0.547402 -0.3758263 0.547402 -0.3364563 0 P 0
L 0.547402 -0.3758263 0.6261422 -0.3758263 0 P 0
L 0.5493705 -0.3758264 0.6281107 -0.3758264 0 P 0
L 0.5493705 -0.4151964 0.5493705 -0.3758264 0 P 0
L 0.5493705 -0.4151964 0.6281107 -0.4151964 0 P 0
L 0.5497642 -0.3833067 0.690709 -0.3833067 2 P 0
L 0.5497642 -0.5258263 0.5497642 -0.3833067 2 P 0
L 0.5497642 -0.5258263 0.690709 -0.5258263 2 P 0
L 0.5610236 0.5157479 0.5846457 0.5157479 0 P 0
L 0.5688976 0.0669291 0.6082677 0.0669291 0 P 0
L 0.5688976 0.9153543 0.5688976 1.7066929 3 P 0
L 0.5688976 1.527559 0.6706535 1.6293149 1 P 0
L 0.5728346 0.5039369 0.5728346 0.5275589 0 P 0
L 0.574961 -0.3561413 0.5985831 -0.3561413 0 P 0
L 0.5769296 -0.3955114 0.6005517 -0.3955114 0 P 0
L 0.5807086 1.3858267 0.5807086 1.4251967 0 P 0
L 0.5807086 1.3858267 0.6594488 1.3858267 0 P 0
L 0.5807086 1.4251967 0.6594488 1.4251967 0 P 0
L 0.5807087 1.4291338 0.5807087 1.507874 0 P 0
L 0.5807087 1.4291338 0.6200787 1.4291338 0 P 0
L 0.5807087 1.507874 0.6200787 1.507874 0 P 0
L 0.5826771 -0.496063 0.6614173 -0.496063 0 P 0
L 0.5826771 -0.535433 0.5826771 -0.496063 0 P 0
L 0.5826771 -0.535433 0.6614173 -0.535433 0 P 0
L 0.586772 -0.3679523 0.586772 -0.3443303 0 P 0
L 0.5885827 0.047244 0.5885827 0.0866141 0 P 0
L 0.5885827 1.468504 0.6122047 1.468504 0 P 0
L 0.5887407 -0.4073224 0.5887407 -0.3837004 0 P 0
L 0.6003937 1.4566929 0.6003937 1.480315 0 P 0
L 0.6043306 -0.0039372 0.6830708 -0.0039372 0 P 0
L 0.6043306 -0.0433072 0.6043306 -0.0039372 0 P 0
L 0.6043306 -0.0433072 0.6830708 -0.0433072 0 P 0
L 0.6082676 1.4055117 0.6318897 1.4055117 0 P 0
L 0.6102362 -0.515748 0.6338583 -0.515748 0 P 0
L 0.6122048 0.4960629 0.6122048 0.5354329 0 P 0
L 0.6200786 1.3937007 0.6200786 1.4173227 0 P 0
L 0.6200787 1.4291338 0.6200787 1.507874 0 P 0
L 0.6200788 1.4291338 0.6200788 1.507874 0 P 0
L 0.6200788 1.4291338 0.6594488 1.4291338 0 P 0
L 0.6200788 1.507874 0.6594488 1.507874 0 P 0
L 0.6220473 -0.527559 0.6220473 -0.503937 0 P 0
L 0.6261422 -0.3758263 0.6261422 -0.3364563 0 P 0
L 0.6279528 1.468504 0.6515748 1.468504 0 P 0
L 0.6281107 -0.4151964 0.6281107 -0.3758264 0 P 0
L 0.6318897 -0.0236222 0.6555118 -0.0236222 0 P 0
L 0.6397638 1.4566929 0.6397638 1.480315 0 P 0
L 0.6437008 -0.0354332 0.6437008 -0.0118112 0 P 0
L 0.6437009 0.4960629 0.6437009 0.5354329 0 P 0
L 0.6437009 0.4960629 0.7224411 0.4960629 0 P 0
L 0.6437009 0.5354329 0.7224411 0.5354329 0 P 0
L 0.643701 0.6771653 0.643701 0.7165353 0 P 0
L 0.643701 0.6771653 0.7224412 0.6771653 0 P 0
L 0.643701 0.7165353 0.7224412 0.7165353 0 P 0
L 0.6594488 0.031496 0.6594488 0.1102362 0 P 0
L 0.6594488 0.031496 0.6988188 0.031496 0 P 0
L 0.6594488 0.1102362 0.6988188 0.1102362 0 P 0
L 0.6594488 1.3858267 0.6594488 1.4251967 0 P 0
L 0.6594488 1.4291338 0.6594488 1.507874 0 P 0
L 0.6614173 -0.535433 0.6614173 -0.496063 0 P 0
L 0.6633858 0.9389763 0.6633858 1.0925196 0 P 0
L 0.6633858 0.9389763 0.7874015 0.9389763 0 P 0
L 0.6633858 1.0925196 0.7874015 1.0925196 0 P 0
L 0.6633858 1.1515748 0.6633858 1.3051181 0 P 0
L 0.6633858 1.1515748 0.7874015 1.1515748 0 P 0
L 0.6633858 1.3051181 0.7874015 1.3051181 0 P 0
L 0.6653543 0.003937 0.6653543 0.1279527 0 P 0
L 0.6673228 0.070866 0.6909448 0.070866 0 P 0
L 0.6706535 1.6293149 0.8591803 1.6293149 1 P 0
L 0.6712599 0.5157479 0.694882 0.5157479 0 P 0
L 0.67126 0.6968503 0.6948821 0.6968503 0 P 0
L 0.6732284 -1.0374016 0.8464567 -1.0374016 2 P 0
L 0.6732284 -1.0978347 0.6732284 -1.0374016 2 P 0
L 0.6732284 -1.6318898 0.6732284 -1.5714567 2 P 0
L 0.6732284 -1.6318898 0.8464567 -1.6318898 2 P 0
L 0.6791338 0.059055 0.6791338 0.0826771 0 P 0
L 0.6791339 0.535433 0.6791339 0.6771652 2 P 0
L 0.6811023 -0.1968505 0.7677165 -0.1968505 0 P 0
L 0.6811023 -0.2440945 0.6811023 -0.1968505 0 P 0
L 0.6811023 -0.2440945 0.7677165 -0.2440945 0 P 0
L 0.6830708 -0.0433072 0.6830708 -0.0039372 0 P 0
L 0.6830709 0.5039369 0.6830709 0.5275589 0 P 0
L 0.683071 0.6850393 0.683071 0.7086613 0 P 0
L 0.690709 -0.5258263 0.690709 -0.3833067 2 P 0
L 0.6988188 0.031496 0.6988188 0.1102362 0 P 0
L 0.6988189 -0.019685 0.6988189 0.1535433 2 P 0
L 0.6988189 -0.019685 0.7775591 -0.019685 2 P 0
L 0.6988189 0.1535433 0.7775591 0.1535433 2 P 0
L 0.7066928 1.0157479 0.7460629 1.0157479 0 P 0
L 0.7066928 1.2283464 0.7460629 1.2283464 0 P 0
L 0.712598 -0.2204733 0.73622 -0.2204733 0 P 0
L 0.718504 0.0669291 0.757874 0.0669291 0 P 0
L 0.7224411 0.4960629 0.7224411 0.5354329 0 P 0
L 0.7224412 0.6771653 0.7224412 0.7165353 0 P 0
L 0.72441 -0.2322833 0.72441 -0.2086613 0 P 0
L 0.7263779 0.9960629 0.7263779 1.035433 0 P 0
L 0.7263779 1.2086614 0.7263779 1.2480315 0 P 0
L 0.7283464 -0.8228347 0.8070866 -0.8228347 0 P 0
L 0.7283464 -0.8622047 0.7283464 -0.8228347 0 P 0
L 0.7283464 -0.8622047 0.8070866 -0.8622047 0 P 0
L 0.738189 0.0472441 0.738189 0.0866142 0 P 0
L 0.7559054 -0.8425197 0.7795275 -0.8425197 0 P 0
L 0.7677164 -0.8543307 0.7677164 -0.8307087 0 P 0
L 0.7677165 -0.2440945 0.7677165 -0.1968505 0 P 0
L 0.7755906 -0.183071 0.8149606 -0.183071 0 P 0
L 0.7755906 -0.257874 0.8149606 -0.257874 0 P 0
L 0.7775591 -0.019685 0.7775591 0.1535433 2 P 0
L 0.7775591 -0.1466536 0.8129921 -0.1466536 2 P 0
L 0.7775591 -0.2194883 0.7775591 -0.1466536 2 P 0
L 0.7775591 -0.2194883 0.8129921 -0.2194883 2 P 0
L 0.7775591 -0.2214567 0.8129921 -0.2214567 2 P 0
L 0.7775591 -0.2942914 0.7775591 -0.2214567 2 P 0
L 0.7775591 -0.2942914 0.8129921 -0.2942914 2 P 0
L 0.781496 0.027559 0.781496 0.066929 0 P 0
L 0.781496 0.027559 0.8602362 0.027559 0 P 0
L 0.781496 0.066929 0.8602362 0.066929 0 P 0
L 0.7874015 0.9389763 0.7874015 1.0925196 0 P 0
L 0.7874015 1.1515748 0.7874015 1.3051181 0 P 0
L 0.7952756 -0.202756 0.7952756 -0.1633859 0 P 0
L 0.7952756 -0.2775591 0.7952756 -0.238189 0 P 0
L 0.8070866 -0.8622047 0.8070866 -0.8228347 0 P 0
L 0.809055 0.047244 0.8326771 0.047244 0 P 0
L 0.8129921 -0.2194883 0.8129921 -0.1466536 2 P 0
L 0.8129921 -0.2942914 0.8129921 -0.2214567 2 P 0
L 0.820866 0.035433 0.820866 0.059055 0 P 0
L 0.8228346 -0.496063 0.8228346 0.015748 3 P 0
L 0.8228346 -0.496063 1.1574803 -0.496063 3 P 0
L 0.8228346 0.015748 1.1574803 0.015748 3 P 0
L 0.8405512 0.4133857 0.8405512 0.4921259 0 P 0
L 0.8405512 0.4133857 0.8799212 0.4133857 0 P 0
L 0.8405512 0.4921259 0.8799212 0.4921259 0 P 0
L 0.8444882 0.2716535 0.8444882 0.3503937 0 P 0
L 0.8444882 0.2716535 0.8838582 0.2716535 0 P 0
L 0.8444882 0.3503937 0.8838582 0.3503937 0 P 0
L 0.8464567 -1.0978347 0.8464567 -1.0374016 2 P 0
L 0.8464567 -1.0978347 0.9665355 -1.0978347 2 P 0
L 0.8464567 -1.5714567 0.9665355 -1.5714567 2 P 0
L 0.8464567 -1.6318898 0.8464567 -1.5714567 2 P 0
L 0.8484252 0.4527559 0.8720472 0.4527559 0 P 0
L 0.8523622 0.3110237 0.8759842 0.3110237 0 P 0
L 0.8591803 1.6293149 0.9591449 1.5293504 1 P 0
L 0.8602362 0.027559 0.8602362 0.066929 0 P 0
L 0.8602362 0.4409448 0.8602362 0.4645669 0 P 0
L 0.8641732 0.2992126 0.8641732 0.3228347 0 P 0
L 0.8799212 0.4133857 0.8799212 0.4921259 0 P 0
L 0.8838582 0.2716535 0.8838582 0.3503937 0 P 0
L 0.9591449 1.5293504 1.0102915 1.529506 1 P 0
L 0.9665355 -1.5714567 0.9665355 -1.0978347 2 P 0
L 1.0590727 -1.6141733 1.0590728 1.4807247 1 P 0
L 1.1574803 -0.496063 1.1574803 0.015748 3 P 0
