#Layer_Color=8388736
#
#Feature symbol names
#
$0 r3.937

#
#Feature attribute names
#

#
#Layer features
#
A -0.6318899 0.9330708 -0.6515748 0.9527557 -0.6515742 0.9330714 0 P 0 N
A -0.6358268 0.7480315 -0.6555118 0.7677165 -0.6555118 0.7480315 0 P 0 N
A -0.6515748 0.8582678 -0.6318899 0.8779527 -0.6515748 0.8779527 0 P 0 N
A -0.6555118 0.6850393 -0.6358268 0.7047243 -0.6555118 0.7047243 0 P 0 N
A -0.6555118 0.7677164 -0.6751968 0.7480314 -0.6555118 0.7480314 0 P 0 N
A -0.6712598 0.8779528 -0.6515748 0.8582678 -0.6515748 0.8779528 0 P 0 N
A -0.8602362 0.7834645 -0.8799212 0.8031495 -0.8799212 0.7834645 0 P 0 N
A -0.8799185 0.8507751 -0.8602363 0.8700786 -0.8797677 0.8703072 0 P 0 N
A -0.8799213 0.8031495 -0.8996063 0.7834645 -0.8799213 0.7834645 0 P 0 N
A -0.8799214 0.9527556 -0.8996063 0.9330708 -0.8799214 0.9330707 0 P 0 N
A -0.8996063 0.7047243 -0.8799213 0.6850393 -0.8799213 0.7047243 0 P 0 N
A -0.8996063 0.870463 -0.8799184 0.8507751 -0.8799184 0.870463 0 P 0 N
A -1.059 -1.6122599 -1.0413386 -1.6299213 -1.0413386 -1.6122599 0 P 0 N
A 1.0433247 -1.6299213 1.0590727 -1.6141733 1.0433249 -1.6141735 0 P 0 N
L -0.0374016 1.527559 0.5688976 1.527559 0 P 0
L -0.2381891 1.7283465 -0.0374016 1.527559 0 P 0
L -0.6318898 0.8779527 -0.6318898 0.9330708 0 P 0
L -0.6358268 0.7047243 -0.6358268 0.7480315 0 P 0
L -0.6712599 0.8779528 -0.6712599 0.9133858 0 P 0
L -0.6751969 0.7244094 -0.6751969 0.7480314 0 P 0
L -0.8297258 1.7283465 -0.2381891 1.7283465 0 P 0
L -0.8602362 0.7244094 -0.6751969 0.7244094 0 P 0
L -0.8602362 0.7244094 -0.8602362 0.7834645 0 P 0
L -0.8602362 0.8700787 -0.8602362 0.9133858 0 P 0
L -0.8602362 0.9133858 -0.6712599 0.9133858 0 P 0
L -0.8799213 0.6850393 -0.6555118 0.6850393 0 P 0
L -0.8799213 0.8031495 -0.8799212 0.8031495 0 P 0
L -0.8799213 0.9527557 -0.6515748 0.9527558 0 P 0
L -0.8996063 0.7047243 -0.8996063 0.7834645 0 P 0
L -0.8996063 0.870463 -0.8996063 0.9330708 0 P 0
L -1.0413386 -1.6299213 1.0433248 -1.6299213 0 P 0
L -1.059 -1.6122599 -1.059 1.4990707 0 P 0
L -1.059 1.4990707 -0.8297258 1.7283465 0 P 0
L 0.5688976 1.527559 0.6706535 1.6293149 0 P 0
L 0.6706535 1.6293149 0.9306883 1.6293147 0 P 0
L 0.9306883 1.6293147 1.0548466 1.5051567 0 P 0
L 1.0548466 1.5051567 1.0590731 1.5009302 0 P 0
L 1.0590728 -1.6141733 1.0590729 -1.039346 0 P 0
L 1.0590729 -1.039346 1.0984256 -0.9999933 0 P 0
L 1.0590729 0.1417151 1.0590731 1.4807246 0 P 0
L 1.0590729 0.1417151 1.0984257 0.1023623 0 P 0
L 1.0590731 1.4807246 1.0590731 1.5009302 0 P 0
L 1.0984256 -0.9999933 1.0984257 0.1023623 0 P 0
