#Layer_Color=0
#
#Feature symbol names
#
$0 r5.9055

#
#Feature attribute names
#

#
#Layer features
#
L -0.0039369 1.2952756 -0.0039369 1.3740158 0 P 0
L -0.0039369 1.2952756 0.0354331 1.2952756 0 P 0
L -0.0039369 1.3740158 0.0354331 1.3740158 0 P 0
L -0.0590552 0.5748031 -0.0590552 0.6535433 0 P 0
L -0.0984252 0.5748031 -0.0590552 0.5748031 0 P 0
L -0.0984252 0.5748031 -0.0984252 0.6535433 0 P 0
L -0.0984252 0.6535433 -0.0590552 0.6535433 0 P 0
L -0.1023622 -0.7362205 -0.1023622 -0.6968505 0 P 0
L -0.1200787 -0.7716536 -0.1200787 -0.7322836 0 P 0
L -0.1200787 -0.8031496 -0.1200787 -0.7637796 0 P 0
L -0.1259811 0.5236219 -0.1259811 0.5629919 0 P 0
L -0.1259811 0.6653542 -0.1259811 0.7047242 0 P 0
L -0.1299212 -0.523622 -0.1299212 -0.484252 0 P 0
L -0.1732284 1.1417323 -0.1732284 1.2204725 0 P 0
L -0.1811024 -0.6968505 -0.1023622 -0.6968505 0 P 0
L -0.1811024 -0.7362205 -0.1023622 -0.7362205 0 P 0
L -0.1811024 -0.7362205 -0.1811024 -0.6968505 0 P 0
L -0.1879923 -0.7706693 -0.1879923 -0.7312993 0 P 0
L -0.1968504 -0.523622 -0.1968504 -0.484252 0 P 0
L -0.1988189 -0.7322836 -0.1200787 -0.7322836 0 P 0
L -0.1988189 -0.7637796 -0.1200787 -0.7637796 0 P 0
L -0.1988189 -0.7716536 -0.1200787 -0.7716536 0 P 0
L -0.1988189 -0.7716536 -0.1988189 -0.7322836 0 P 0
L -0.1988189 -0.8031496 -0.1200787 -0.8031496 0 P 0
L -0.1988189 -0.8031496 -0.1988189 -0.7637796 0 P 0
L -0.2047213 0.5236219 -0.1259811 0.5236219 0 P 0
L -0.2047213 0.5236219 -0.2047213 0.5629919 0 P 0
L -0.2047213 0.5629919 -0.1259811 0.5629919 0 P 0
L -0.2047213 0.6653542 -0.1259811 0.6653542 0 P 0
L -0.2047213 0.6653542 -0.2047213 0.7047242 0 P 0
L -0.2047213 0.7047242 -0.1259811 0.7047242 0 P 0
L -0.2047244 -0.4094488 -0.2047244 -0.3307086 0 P 0
L -0.2047245 -0.933071 -0.2047245 -0.8543308 0 P 0
L -0.2086614 -0.484252 -0.1299212 -0.484252 0 P 0
L -0.2086614 -0.523622 -0.1299212 -0.523622 0 P 0
L -0.2086614 -0.523622 -0.2086614 -0.484252 0 P 0
L -0.2086615 1.2362205 -0.2086615 1.3149607 0 P 0
L -0.2125984 1.1417323 -0.1732284 1.1417323 0 P 0
L -0.2125984 1.1417323 -0.2125984 1.2204725 0 P 0
L -0.2125984 1.2204725 -0.1732284 1.2204725 0 P 0
L -0.2125985 1.1417323 -0.2125985 1.2204725 0 P 0
L -0.2165355 0.3070866 -0.2165355 0.3858268 0 P 0
L -0.2440944 -0.3307086 -0.2047244 -0.3307086 0 P 0
L -0.2440944 -0.4094488 -0.2047244 -0.4094488 0 P 0
L -0.2440944 -0.4094488 -0.2440944 -0.3307086 0 P 0
L -0.2440945 -0.8543308 -0.2047245 -0.8543308 0 P 0
L -0.2440945 -0.933071 -0.2047245 -0.933071 0 P 0
L -0.2440945 -0.933071 -0.2440945 -0.8543308 0 P 0
L -0.2480315 1.2362205 -0.2086615 1.2362205 0 P 0
L -0.2480315 1.2362205 -0.2480315 1.3149607 0 P 0
L -0.2480315 1.3149607 -0.2086615 1.3149607 0 P 0
L -0.2519685 1.1417323 -0.2125985 1.1417323 0 P 0
L -0.2519685 1.1417323 -0.2519685 1.2204725 0 P 0
L -0.2519685 1.2204725 -0.2125985 1.2204725 0 P 0
L -0.2559055 0.3070866 -0.2165355 0.3070866 0 P 0
L -0.2559055 0.3070866 -0.2559055 0.3858268 0 P 0
L -0.2559055 0.3858268 -0.2165355 0.3858268 0 P 0
L -0.2559056 0.3070866 -0.2559056 0.3858268 0 P 0
L -0.2636504 0.6535582 -0.2636504 0.7322984 0 P 0
L -0.2637796 0.7322834 -0.2637796 0.8110236 0 P 0
L -0.2667325 -0.7312993 -0.1879923 -0.7312993 0 P 0
L -0.2667325 -0.7706693 -0.1879923 -0.7706693 0 P 0
L -0.2667325 -0.7706693 -0.2667325 -0.7312993 0 P 0
L -0.2755906 -0.484252 -0.1968504 -0.484252 0 P 0
L -0.2755906 -0.523622 -0.1968504 -0.523622 0 P 0
L -0.2755906 -0.523622 -0.2755906 -0.484252 0 P 0
L -0.2952756 0.3070866 -0.2559056 0.3070866 0 P 0
L -0.2952756 0.3070866 -0.2952756 0.3858268 0 P 0
L -0.2952756 0.3070866 -0.2952756 0.3858268 0 P 0
L -0.2952756 0.3858268 -0.2559056 0.3858268 0 P 0
L -0.3030204 0.6535582 -0.2636504 0.6535582 0 P 0
L -0.3030204 0.6535582 -0.3030204 0.7322984 0 P 0
L -0.3030204 0.7322984 -0.2636504 0.7322984 0 P 0
L -0.3031496 0.7322834 -0.2637796 0.7322834 0 P 0
L -0.3031496 0.7322834 -0.3031496 0.8110236 0 P 0
L -0.3031496 0.8110236 -0.2637796 0.8110236 0 P 0
L -0.3070866 -0.3188977 -0.3070866 -0.2795277 0 P 0
L -0.3070866 -0.496063 -0.3070866 -0.456693 0 P 0
L -0.3070866 -0.5275591 -0.3070866 -0.4881891 0 P 0
L -0.3228346 -0.1732283 -0.3228346 -0.1338583 0 P 0
L -0.3346456 0.3070866 -0.2952756 0.3070866 0 P 0
L -0.3346456 0.3070866 -0.3346456 0.3858268 0 P 0
L -0.3346456 0.3858268 -0.2952756 0.3858268 0 P 0
L -0.3513777 -0.7882078 -0.3513777 -0.7488378 0 P 0
L -0.3513777 -0.8197039 -0.3513777 -0.7803339 0 P 0
L -0.3719073 -0.9079001 -0.3440685 -0.8800613 0 P 0
L -0.3738865 0.8031646 -0.3738865 0.8425346 0 P 0
L -0.3817605 0.5748181 -0.3817605 0.6141881 0 P 0
L -0.3858268 -0.2795277 -0.3070866 -0.2795277 0 P 0
L -0.3858268 -0.3188977 -0.3070866 -0.3188977 0 P 0
L -0.3858268 -0.3188977 -0.3858268 -0.2795277 0 P 0
L -0.3858268 -0.456693 -0.3070866 -0.456693 0 P 0
L -0.3858268 -0.4881891 -0.3070866 -0.4881891 0 P 0
L -0.3858268 -0.496063 -0.3070866 -0.496063 0 P 0
L -0.3858268 -0.496063 -0.3858268 -0.456693 0 P 0
L -0.3858268 -0.5275591 -0.3070866 -0.5275591 0 P 0
L -0.3858268 -0.5275591 -0.3858268 -0.4881891 0 P 0
L -0.3997461 -0.8243835 -0.3440685 -0.8800613 0 P 0
L -0.4015748 -0.1338583 -0.3228346 -0.1338583 0 P 0
L -0.4015748 -0.1732283 -0.3228346 -0.1732283 0 P 0
L -0.4015748 -0.1732283 -0.4015748 -0.1338583 0 P 0
L -0.4250677 0.6141882 -0.4250677 0.6535582 0 P 0
L -0.4251968 -0.6377953 -0.4251968 -0.5984253 0 P 0
L -0.4251968 -0.6771654 -0.4251968 -0.6377954 0 P 0
L -0.4251968 -0.7165355 -0.4251968 -0.6771655 0 P 0
L -0.4251968 -0.7559055 -0.4251968 -0.7165355 0 P 0
L -0.4275849 -0.8522223 -0.3719073 -0.9079001 0 P 0
L -0.4275849 -0.8522223 -0.3997461 -0.8243835 0 P 0
L -0.4301179 -0.7488378 -0.3513777 -0.7488378 0 P 0
L -0.4301179 -0.7803339 -0.3513777 -0.7803339 0 P 0
L -0.4301179 -0.7882078 -0.3513777 -0.7882078 0 P 0
L -0.4301179 -0.7882078 -0.4301179 -0.7488378 0 P 0
L -0.4301179 -0.8197039 -0.3513777 -0.8197039 0 P 0
L -0.4301179 -0.8197039 -0.4301179 -0.7803339 0 P 0
L -0.4330709 0.8740157 -0.4330709 0.9527559 0 P 0
L -0.448819 -0.1141733 -0.448819 -0.0354331 0 P 0
L -0.4526267 0.8031646 -0.3738865 0.8031646 0 P 0
L -0.4526267 0.8031646 -0.4526267 0.8425346 0 P 0
L -0.4526267 0.8425346 -0.3738865 0.8425346 0 P 0
L -0.4605007 0.5748181 -0.3817605 0.5748181 0 P 0
L -0.4605007 0.5748181 -0.4605007 0.6141881 0 P 0
L -0.4605007 0.6141881 -0.3817605 0.6141881 0 P 0
L -0.4724409 0.8740157 -0.4330709 0.8740157 0 P 0
L -0.4724409 0.8740157 -0.4724409 0.9527559 0 P 0
L -0.4724409 0.9527559 -0.4330709 0.9527559 0 P 0
L -0.472441 0.8740157 -0.472441 0.9527559 0 P 0
L -0.488189 -0.0354331 -0.448819 -0.0354331 0 P 0
L -0.488189 -0.1141733 -0.448819 -0.1141733 0 P 0
L -0.488189 -0.1141733 -0.488189 -0.0354331 0 P 0
L -0.5038079 0.6141882 -0.4250677 0.6141882 0 P 0
L -0.5038079 0.6141882 -0.5038079 0.6535582 0 P 0
L -0.5038079 0.6535582 -0.4250677 0.6535582 0 P 0
L -0.503937 -0.5984253 -0.4251968 -0.5984253 0 P 0
L -0.503937 -0.6377953 -0.4251968 -0.6377953 0 P 0
L -0.503937 -0.6377953 -0.503937 -0.5984253 0 P 0
L -0.503937 -0.6377954 -0.4251968 -0.6377954 0 P 0
L -0.503937 -0.6771654 -0.4251968 -0.6771654 0 P 0
L -0.503937 -0.6771654 -0.503937 -0.6377954 0 P 0
L -0.503937 -0.6771655 -0.4251968 -0.6771655 0 P 0
L -0.503937 -0.7165355 -0.4251968 -0.7165355 0 P 0
L -0.503937 -0.7165355 -0.4251968 -0.7165355 0 P 0
L -0.503937 -0.7165355 -0.503937 -0.6771655 0 P 0
L -0.503937 -0.7559055 -0.4251968 -0.7559055 0 P 0
L -0.503937 -0.7559055 -0.503937 -0.7165355 0 P 0
L -0.511811 0.8740157 -0.472441 0.8740157 0 P 0
L -0.511811 0.8740157 -0.511811 0.9527559 0 P 0
L -0.511811 0.9527559 -0.472441 0.9527559 0 P 0
L -0.5246069 0.6584646 -0.5246069 0.6978346 0 P 0
L -0.5246069 0.6978346 -0.5246069 0.7372046 0 P 0
L -0.5354331 -1.1614173 -0.5354331 -1.0826771 0 P 0
L -0.5393701 0.0477363 -0.5393701 0.0871063 0 P 0
L -0.5393701 0.0871063 -0.5393701 0.1658465 0 P 0
L -0.5748031 -1.0826771 -0.5354331 -1.0826771 0 P 0
L -0.5748031 -1.1614173 -0.5354331 -1.1614173 0 P 0
L -0.5748031 -1.1614173 -0.5748031 -1.0826771 0 P 0
L -0.5787401 0.0871063 -0.5393701 0.0871063 0 P 0
L -0.5787401 0.0871063 -0.5787401 0.1658465 0 P 0
L -0.5787401 0.1658465 -0.5393701 0.1658465 0 P 0
L -0.5866142 0.9488189 -0.5866142 0.9881889 0 P 0
L -0.6033471 0.6584646 -0.5246069 0.6584646 0 P 0
L -0.6033471 0.6584646 -0.6033471 0.6978346 0 P 0
L -0.6033471 0.6978346 -0.5246069 0.6978346 0 P 0
L -0.6033471 0.6978346 -0.5246069 0.6978346 0 P 0
L -0.6033471 0.6978346 -0.6033471 0.7372046 0 P 0
L -0.6033471 0.7372046 -0.5246069 0.7372046 0 P 0
L -0.6181103 0.0477363 -0.5393701 0.0477363 0 P 0
L -0.6181103 0.0477363 -0.6181103 0.0871063 0 P 0
L -0.6181103 0.0871063 -0.5393701 0.0871063 0 P 0
L -0.6387801 0.7883858 -0.6387801 0.8277558 0 P 0
L -0.6653544 -0.1299214 -0.6653544 -0.0511812 0 P 0
L -0.6653544 0.9488189 -0.5866142 0.9488189 0 P 0
L -0.6653544 0.9488189 -0.6653544 0.9881889 0 P 0
L -0.6653544 0.9881889 -0.5866142 0.9881889 0 P 0
L -0.6732284 -0.8307087 -0.6732284 -0.7519685 0 P 0
L -0.6929134 -0.6456693 -0.6929134 -0.5669291 0 P 0
L -0.7047244 -0.0511812 -0.6653544 -0.0511812 0 P 0
L -0.7047244 -0.1299214 -0.6653544 -0.1299214 0 P 0
L -0.7047244 -0.1299214 -0.7047244 -0.0511812 0 P 0
L -0.7047244 -0.1299214 -0.7047244 -0.0511812 0 P 0
L -0.7125984 -0.7519685 -0.6732284 -0.7519685 0 P 0
L -0.7125984 -0.8307087 -0.6732284 -0.8307087 0 P 0
L -0.7125984 -0.8307087 -0.7125984 -0.7519685 0 P 0
L -0.7125985 -0.9133858 -0.7125985 -0.8346456 0 P 0
L -0.7175203 0.7883858 -0.6387801 0.7883858 0 P 0
L -0.7175203 0.7883858 -0.7175203 0.8277558 0 P 0
L -0.7175203 0.8277558 -0.6387801 0.8277558 0 P 0
L -0.7214574 0.6978346 -0.7214574 0.7765748 0 P 0
L -0.7322834 -0.5669291 -0.6929134 -0.5669291 0 P 0
L -0.7322834 -0.6456693 -0.6929134 -0.6456693 0 P 0
L -0.7322834 -0.6456693 -0.7322834 -0.5669291 0 P 0
L -0.7440944 -0.0511812 -0.7047244 -0.0511812 0 P 0
L -0.7440944 -0.1299214 -0.7047244 -0.1299214 0 P 0
L -0.7440944 -0.1299214 -0.7440944 -0.0511812 0 P 0
L -0.7440946 -0.1299214 -0.7440946 -0.0511812 0 P 0
L -0.7519685 -0.8346456 -0.7125985 -0.8346456 0 P 0
L -0.7519685 -0.9133858 -0.7125985 -0.9133858 0 P 0
L -0.7519685 -0.9133858 -0.7519685 -0.8346456 0 P 0
L -0.7608274 0.6978346 -0.7214574 0.6978346 0 P 0
L -0.7608274 0.6978346 -0.7608274 0.7765748 0 P 0
L -0.7608274 0.7765748 -0.7214574 0.7765748 0 P 0
L -0.7834646 -0.0511812 -0.7440946 -0.0511812 0 P 0
L -0.7834646 -0.1299214 -0.7440946 -0.1299214 0 P 0
L -0.7834646 -0.1299214 -0.7834646 -0.0511812 0 P 0
L -0.8228346 -1.4330708 -0.8228346 -1.3937008 0 P 0
L -0.8228347 -1.511811 -0.8228347 -1.4330708 0 P 0
L -0.8228347 -1.5905512 -0.8228347 -1.511811 0 P 0
L -0.8622047 -1.4330708 -0.8228347 -1.4330708 0 P 0
L -0.8622047 -1.511811 -0.8228347 -1.511811 0 P 0
L -0.8622047 -1.511811 -0.8228347 -1.511811 0 P 0
L -0.8622047 -1.511811 -0.8622047 -1.4330708 0 P 0
L -0.8622047 -1.5905512 -0.8228347 -1.5905512 0 P 0
L -0.8622047 -1.5905512 -0.8622047 -1.511811 0 P 0
L -0.9015748 -1.3937008 -0.8228346 -1.3937008 0 P 0
L -0.9015748 -1.4330708 -0.8228346 -1.4330708 0 P 0
L -0.9015748 -1.4330708 -0.9015748 -1.3937008 0 P 0
L 0.0078741 1.1574803 0.0078741 1.2362205 0 P 0
L 0.0078741 1.1574803 0.0472441 1.1574803 0 P 0
L 0.0078741 1.2362205 0.0472441 1.2362205 0 P 0
L 0.0196851 -0.0748032 0.0196851 0.003937 0 P 0
L 0.0196851 -0.0748032 0.0590551 -0.0748032 0 P 0
L 0.0196851 0.003937 0.0590551 0.003937 0 P 0
L 0.0327283 -0.5629959 0.1114685 -0.5629959 0 P 0
L 0.0327283 -0.6023659 0.0327283 -0.5629959 0 P 0
L 0.0327283 -0.6023659 0.1114685 -0.6023659 0 P 0
L 0.0327283 -0.602366 0.1114685 -0.602366 0 P 0
L 0.0327283 -0.641736 0.0327283 -0.602366 0 P 0
L 0.0327283 -0.641736 0.1114685 -0.641736 0 P 0
L 0.0327283 -0.6417361 0.1114685 -0.6417361 0 P 0
L 0.0327283 -0.6811061 0.0327283 -0.6417361 0 P 0
L 0.0327283 -0.6811061 0.1114685 -0.6811061 0 P 0
L 0.0327283 -0.6811061 0.1114685 -0.6811061 0 P 0
L 0.0327283 -0.7204761 0.0327283 -0.6811061 0 P 0
L 0.0327283 -0.7204761 0.1114685 -0.7204761 0 P 0
L 0.0327283 -0.7204762 0.1114685 -0.7204762 0 P 0
L 0.0327283 -0.7598462 0.0327283 -0.7204762 0 P 0
L 0.0327283 -0.7598462 0.1114685 -0.7598462 0 P 0
L 0.0354331 1.2952756 0.0354331 1.3740158 0 P 0
L 0.0472441 1.1574803 0.0472441 1.2362205 0 P 0
L 0.0590551 -0.0354331 0.1377953 -0.0354331 0 P 0
L 0.0590551 -0.0748031 0.0590551 -0.0354331 0 P 0
L 0.0590551 -0.0748031 0.1377953 -0.0748031 0 P 0
L 0.0590551 -0.0748032 0.0590551 0.003937 0 P 0
L 0.1114685 -0.6023659 0.1114685 -0.5629959 0 P 0
L 0.1114685 -0.641736 0.1114685 -0.602366 0 P 0
L 0.1114685 -0.6811061 0.1114685 -0.6417361 0 P 0
L 0.1114685 -0.7204761 0.1114685 -0.6811061 0 P 0
L 0.1114685 -0.7598462 0.1114685 -0.7204762 0 P 0
L 0.1316454 -0.3946889 0.1710154 -0.3946889 0 P 0
L 0.1316454 -0.4734291 0.1316454 -0.3946889 0 P 0
L 0.1316454 -0.4734291 0.1710154 -0.4734291 0 P 0
L 0.1377953 -0.0748031 0.1377953 -0.0354331 0 P 0
L 0.1377953 -0.0748032 0.1377953 0.003937 0 P 0
L 0.1377953 -0.0748032 0.1771653 -0.0748032 0 P 0
L 0.1377953 0.003937 0.1771653 0.003937 0 P 0
L 0.1574803 0.7322835 0.1574803 0.7716535 0 P 0
L 0.1574803 0.7322835 0.2362205 0.7322835 0 P 0
L 0.1574803 0.7716535 0.2362205 0.7716535 0 P 0
L 0.1631415 -0.3946889 0.2025115 -0.3946889 0 P 0
L 0.1631415 -0.4734291 0.1631415 -0.3946889 0 P 0
L 0.1631415 -0.4734291 0.2025115 -0.4734291 0 P 0
L 0.1710154 -0.4734291 0.1710154 -0.3946889 0 P 0
L 0.1771653 -0.0354331 0.2559055 -0.0354331 0 P 0
L 0.1771653 -0.0748031 0.1771653 -0.0354331 0 P 0
L 0.1771653 -0.0748031 0.2559055 -0.0748031 0 P 0
L 0.1771653 -0.0748032 0.1771653 0.003937 0 P 0
L 0.1968504 0.7716536 0.1968504 0.8110236 0 P 0
L 0.1968504 0.7716536 0.2755906 0.7716536 0 P 0
L 0.1968504 0.8110236 0.2755906 0.8110236 0 P 0
L 0.2025115 -0.4734291 0.2025115 -0.3946889 0 P 0
L 0.2047244 0.1535433 0.2047244 0.2322835 0 P 0
L 0.2047244 0.1535433 0.2440944 0.1535433 0 P 0
L 0.2047244 0.2322834 0.2047244 0.3110236 0 P 0
L 0.2047244 0.2322834 0.2440944 0.2322834 0 P 0
L 0.2047244 0.2322835 0.2440944 0.2322835 0 P 0
L 0.2047244 0.3110236 0.2440944 0.3110236 0 P 0
L 0.2165354 0.0039369 0.2165354 0.0433069 0 P 0
L 0.2165354 0.0039369 0.2952756 0.0039369 0 P 0
L 0.2165354 0.0433069 0.2952756 0.0433069 0 P 0
L 0.2165354 0.0433071 0.2165354 0.0826771 0 P 0
L 0.2165354 0.0433071 0.2952756 0.0433071 0 P 0
L 0.2165354 0.0826771 0.2952756 0.0826771 0 P 0
L 0.2165354 0.0826772 0.2165354 0.1220472 0 P 0
L 0.2165354 0.0826772 0.2952756 0.0826772 0 P 0
L 0.2165354 0.1220472 0.2952756 0.1220472 0 P 0
L 0.2283465 -1.0748032 0.2677165 -1.0748032 0 P 0
L 0.2283465 -1.1535434 0.2283465 -1.0748032 0 P 0
L 0.2283465 -1.1535434 0.2677165 -1.1535434 0 P 0
L 0.2335157 -0.2913424 0.3122559 -0.2913424 0 P 0
L 0.2335157 -0.3307124 0.2335157 -0.2913424 0 P 0
L 0.2335157 -0.3307124 0.3122559 -0.3307124 0 P 0
L 0.2362205 0.7322835 0.2362205 0.7716535 0 P 0
L 0.2362205 0.7322835 0.2362205 0.7716535 0 P 0
L 0.2362205 0.7322835 0.3149607 0.7322835 0 P 0
L 0.2362205 0.7716535 0.3149607 0.7716535 0 P 0
L 0.2440944 0.1535433 0.2440944 0.2322835 0 P 0
L 0.2440944 0.2322834 0.2440944 0.3110236 0 P 0
L 0.2559055 -0.0748031 0.2559055 -0.0354331 0 P 0
L 0.2559056 -0.0648701 0.2559056 0.0138701 0 P 0
L 0.2559056 -0.0648701 0.2952756 -0.0648701 0 P 0
L 0.2559056 0.0138701 0.2952756 0.0138701 0 P 0
L 0.2677165 -1.1535434 0.2677165 -1.0748032 0 P 0
L 0.2755906 0.7716536 0.2755906 0.8110236 0 P 0
L 0.2952756 -0.0648701 0.2952756 0.0138701 0 P 0
L 0.2952756 -0.0748032 0.2952756 0.003937 0 P 0
L 0.2952756 -0.0748032 0.3346456 -0.0748032 0 P 0
L 0.2952756 0.0039369 0.2952756 0.0433069 0 P 0
L 0.2952756 0.003937 0.3346456 0.003937 0 P 0
L 0.2952756 0.0433071 0.2952756 0.0826771 0 P 0
L 0.2952756 0.0826772 0.2952756 0.1220472 0 P 0
L 0.3122559 -0.3307124 0.3122559 -0.2913424 0 P 0
L 0.3149607 0.7322835 0.3149607 0.7716535 0 P 0
L 0.3346456 -0.0748032 0.3346456 0.003937 0 P 0
L 0.3481808 -0.5915394 0.426921 -0.5915394 0 P 0
L 0.3481808 -0.6230354 0.426921 -0.6230354 0 P 0
L 0.3481808 -0.6309094 0.3481808 -0.5915394 0 P 0
L 0.3481808 -0.6309094 0.426921 -0.6309094 0 P 0
L 0.3481808 -0.6624054 0.3481808 -0.6230354 0 P 0
L 0.3481808 -0.6624054 0.426921 -0.6624054 0 P 0
L 0.426921 -0.6309094 0.426921 -0.5915394 0 P 0
L 0.426921 -0.6624054 0.426921 -0.6230354 0 P 0
L 0.4539882 -0.5708699 0.4933582 -0.5708699 0 P 0
L 0.4539882 -0.6496101 0.4539882 -0.5708699 0 P 0
L 0.4539882 -0.6496101 0.4933582 -0.6496101 0 P 0
L 0.4933582 -0.6496101 0.4933582 -0.5708699 0 P 0
L 0.5905513 0.4448818 0.5905513 0.523622 0 P 0
L 0.5905513 0.4448818 0.6299213 0.4448818 0 P 0
L 0.5905513 0.523622 0.6299213 0.523622 0 P 0
L 0.5905513 0.551181 0.5905513 0.6299212 0 P 0
L 0.5905513 0.551181 0.6299213 0.551181 0 P 0
L 0.5905513 0.6299212 0.6299213 0.6299212 0 P 0
L 0.6259843 0.4133858 0.6259843 0.4527558 0 P 0
L 0.6259843 0.4133858 0.7047245 0.4133858 0 P 0
L 0.6259843 0.4527558 0.7047245 0.4527558 0 P 0
L 0.6299213 0.4448818 0.6299213 0.523622 0 P 0
L 0.6299213 0.551181 0.6299213 0.6299212 0 P 0
L 0.6732283 1.3031496 0.6732283 1.3425196 0 P 0
L 0.6732283 1.3031496 0.7519685 1.3031496 0 P 0
L 0.6732283 1.3425196 0.7519685 1.3425196 0 P 0
L 0.6732284 1.3464567 0.6732284 1.4251969 0 P 0
L 0.6732284 1.3464567 0.7125984 1.3464567 0 P 0
L 0.6732284 1.4251969 0.7125984 1.4251969 0 P 0
L 0.6968503 -0.0866143 0.7755905 -0.0866143 0 P 0
L 0.6968503 -0.1259843 0.6968503 -0.0866143 0 P 0
L 0.6968503 -0.1259843 0.7755905 -0.1259843 0 P 0
L 0.7047245 0.4133858 0.7047245 0.4527558 0 P 0
L 0.7125984 1.3464567 0.7125984 1.4251969 0 P 0
L 0.7125985 1.3464567 0.7125985 1.4251969 0 P 0
L 0.7125985 1.3464567 0.7519685 1.3464567 0 P 0
L 0.7125985 1.4251969 0.7519685 1.4251969 0 P 0
L 0.7204724 -0.590551 0.7598424 -0.590551 0 P 0
L 0.7204724 -0.6692912 0.7204724 -0.590551 0 P 0
L 0.7204724 -0.6692912 0.7598424 -0.6692912 0 P 0
L 0.7322835 -0.6811023 0.7716535 -0.6811023 0 P 0
L 0.7322835 -0.7598425 0.7322835 -0.6811023 0 P 0
L 0.7322835 -0.7598425 0.7716535 -0.7598425 0 P 0
L 0.7362206 0.4133858 0.7362206 0.4527558 0 P 0
L 0.7362206 0.4133858 0.8149608 0.4133858 0 P 0
L 0.7362206 0.4527558 0.8149608 0.4527558 0 P 0
L 0.7362207 0.5944882 0.7362207 0.6338582 0 P 0
L 0.7362207 0.5944882 0.8149609 0.5944882 0 P 0
L 0.7362207 0.6338582 0.8149609 0.6338582 0 P 0
L 0.7519685 -0.0511811 0.7519685 0.0275591 0 P 0
L 0.7519685 -0.0511811 0.7913385 -0.0511811 0 P 0
L 0.7519685 0.0275591 0.7913385 0.0275591 0 P 0
L 0.7519685 1.3031496 0.7519685 1.3425196 0 P 0
L 0.7519685 1.3464567 0.7519685 1.4251969 0 P 0
L 0.7598424 -0.6692912 0.7598424 -0.590551 0 P 0
L 0.7716535 -0.5866142 0.8503937 -0.5866142 0 P 0
L 0.7716535 -0.6259842 0.7716535 -0.5866142 0 P 0
L 0.7716535 -0.6259842 0.8503937 -0.6259842 0 P 0
L 0.7716535 -0.7598425 0.7716535 -0.6811023 0 P 0
L 0.7755905 -0.1259843 0.7755905 -0.0866143 0 P 0
L 0.7834645 -0.7165355 0.8622047 -0.7165355 0 P 0
L 0.7834645 -0.7559055 0.7834645 -0.7165355 0 P 0
L 0.7834645 -0.7559055 0.8622047 -0.7559055 0 P 0
L 0.7913385 -0.0511811 0.7913385 0.0275591 0 P 0
L 0.7992126 -0.5393701 0.8779528 -0.5393701 0 P 0
L 0.7992126 -0.5787401 0.7992126 -0.5393701 0 P 0
L 0.7992126 -0.5787401 0.8779528 -0.5787401 0 P 0
L 0.8149608 0.4133858 0.8149608 0.4527558 0 P 0
L 0.8149609 0.5944882 0.8149609 0.6338582 0 P 0
L 0.8503937 -0.6259842 0.8503937 -0.5866142 0 P 0
L 0.8622047 -0.7559055 0.8622047 -0.7165355 0 P 0
L 0.8740157 -0.0157481 0.9527559 -0.0157481 0 P 0
L 0.8740157 -0.0551181 0.8740157 -0.0157481 0 P 0
L 0.8740157 -0.0551181 0.9527559 -0.0551181 0 P 0
L 0.8779528 -0.5787401 0.8779528 -0.5393701 0 P 0
L 0.9015747 -1.3818898 0.9803149 -1.3818898 0 P 0
L 0.9015747 -1.4212598 0.9015747 -1.3818898 0 P 0
L 0.9015747 -1.4212598 0.9803149 -1.4212598 0 P 0
L 0.9015747 -1.5 0.9803149 -1.5 0 P 0
L 0.9015747 -1.53937 0.9015747 -1.5 0 P 0
L 0.9015747 -1.53937 0.9803149 -1.53937 0 P 0
L 0.9015748 -1.4212598 0.9409448 -1.4212598 0 P 0
L 0.9015748 -1.5 0.9015748 -1.4212598 0 P 0
L 0.9015748 -1.5 0.9409448 -1.5 0 P 0
L 0.9330709 0.3307086 0.9330709 0.4094488 0 P 0
L 0.9330709 0.3307086 0.9724409 0.3307086 0 P 0
L 0.9330709 0.4094488 0.9724409 0.4094488 0 P 0
L 0.9370079 0.1889764 0.9370079 0.2677166 0 P 0
L 0.9370079 0.1889764 0.9763779 0.1889764 0 P 0
L 0.9370079 0.2677166 0.9763779 0.2677166 0 P 0
L 0.9409448 -1.5 0.9409448 -1.4212598 0 P 0
L 0.9527559 -0.0551181 0.9527559 -0.0157481 0 P 0
L 0.9724409 0.3307086 0.9724409 0.4094488 0 P 0
L 0.9763779 0.1889764 0.9763779 0.2677166 0 P 0
L 0.9803149 -1.4212598 0.9803149 -1.3818898 0 P 0
L 0.9803149 -1.53937 0.9803149 -1.5 0 P 0
